																																													
	0.000000	0.000000	0.000000	0.000000	0.000000	0.000000	0.000000	0.000000	0.000000	0.000000	0.000000	0.000000	0.000000	0.000000	0.000000	0.000000	0.000000	0.000000	0.000000	0.000000	0.000000	0.000000	0.000000	0.000000	0.000000	0.000000	0.000000	0.000000	0.000000	0.000000	0.000000	0.000000	0.000000	0.000000	0.000000	0.000000	0.000000	0.000000	0.000000	0.000000	0.000000	0.000000	0.000000	0.000000	0.000000
	8.802995	46.498051	1678.904945	2906.901767	5803.980152	8.802995	46.498051	1678.904945	2906.901767	5803.980152	8.802995	46.498051	1678.904945	2906.901767	5803.980152	8.802995	46.498051	1678.904945	2906.901767	5803.980152	8.802995	46.498051	1678.904945	2906.901767	5803.980152	8.802995	46.498051	1678.904945	2906.901767	5803.980152	8.802995	46.498051	1678.904945	2906.901767	5803.980152	8.802995	46.498051	1678.904945	2906.901767	5803.980152	8.802995	46.498051	1678.904945	2906.901767	5803.980152
	14.847442	156.603386	1287.956380	922.532114	900.479198	14.847442	156.603386	1287.956380	922.532114	900.479198	14.847442	156.603386	1287.956380	922.532114	900.479198	14.847442	156.603386	1287.956380	922.532114	900.479198	14.847442	156.603386	1287.956380	922.532114	900.479198	14.847442	156.603386	1287.956380	922.532114	900.479198	14.847442	156.603386	1287.956380	922.532114	900.479198	14.847442	156.603386	1287.956380	922.532114	900.479198	14.847442	156.603386	1287.956380	922.532114	900.479198
	8.802868	46.497371	1678.880311	2906.854466	5808.066644	8.802868	46.497371	1678.880311	2906.854466	5808.066644	8.802868	46.497371	1678.880311	2906.854466	5808.066644	8.802868	46.497371	1678.880311	2906.854466	5808.066644	8.802868	46.497371	1678.880311	2906.854466	5808.066644	8.802868	46.497371	1678.880311	2906.854466	5808.066644	8.802868	46.497371	1678.880311	2906.854466	5808.066644	8.802868	46.497371	1678.880311	2906.854466	5808.066644	8.802868	46.497371	1678.880311	2906.854466	5808.066644
	14.848781	157.895103	1287.902732	922.489047	903.477832	14.848781	157.895103	1287.902732	922.489047	903.477832	14.848781	157.895103	1287.902732	922.489047	903.477832	14.848781	157.895103	1287.902732	922.489047	903.477832	14.848781	157.895103	1287.902732	922.489047	903.477832	14.848781	157.895103	1287.902732	922.489047	903.477832	14.848781	157.895103	1287.902732	922.489047	903.477832	14.848781	157.895103	1287.902732	922.489047	903.477832	14.848781	157.895103	1287.902732	922.489047	903.477832
	8.802743	46.496692	1678.855678	2906.807165	5813.065997	8.802743	46.496692	1678.855678	2906.807165	5813.065997	8.802743	46.496692	1678.855678	2906.807165	5813.065997	8.802743	46.496692	1678.855678	2906.807165	5813.065997	8.802743	46.496692	1678.855678	2906.807165	5813.065997	8.802743	46.496692	1678.855678	2906.807165	5813.065997	8.802743	46.496692	1678.855678	2906.807165	5813.065997	8.802743	46.496692	1678.855678	2906.807165	5813.065997	8.802743	46.496692	1678.855678	2906.807165	5813.065997
	14.849348	159.174269	1287.849095	922.445989	906.653050	14.849348	159.174269	1287.849095	922.445989	906.653050	14.849348	159.174269	1287.849095	922.445989	906.653050	14.849348	159.174269	1287.849095	922.445989	906.653050	14.849348	159.174269	1287.849095	922.445989	906.653050	14.849348	159.174269	1287.849095	922.445989	906.653050	14.849348	159.174269	1287.849095	922.445989	906.653050	14.849348	159.174269	1287.849095	922.445989	906.653050	14.849348	159.174269	1287.849095	922.445989	906.653050
	8.802618	46.552360	1678.831044	2906.759865	5817.056136	8.802618	46.552360	1678.831044	2906.759865	5817.056136	8.802618	46.552360	1678.831044	2906.759865	5817.056136	8.802618	46.552360	1678.831044	2906.759865	5817.056136	8.802618	46.552360	1678.831044	2906.759865	5817.056136	8.802618	46.552360	1678.831044	2906.759865	5817.056136	8.802618	46.552360	1678.831044	2906.759865	5817.056136	8.802618	46.552360	1678.831044	2906.759865	5817.056136	8.802618	46.552360	1678.831044	2906.759865	5817.056136
	14.849010	160.535340	1287.795468	923.841773	909.680306	14.849010	160.535340	1287.795468	923.841773	909.680306	14.849010	160.535340	1287.795468	923.841773	909.680306	14.849010	160.535340	1287.795468	923.841773	909.680306	14.849010	160.535340	1287.795468	923.841773	909.680306	14.849010	160.535340	1287.795468	923.841773	909.680306	14.849010	160.535340	1287.795468	923.841773	909.680306	14.849010	160.535340	1287.795468	923.841773	909.680306	14.849010	160.535340	1287.795468	923.841773	909.680306
	8.802493	46.850763	1678.806411	2906.712565	5821.531668	8.802493	46.850763	1678.806411	2906.712565	5821.531668	8.802493	46.850763	1678.806411	2906.712565	5821.531668	8.802493	46.850763	1678.806411	2906.712565	5821.531668	8.802493	46.850763	1678.806411	2906.712565	5821.531668	8.802493	46.850763	1678.806411	2906.712565	5821.531668	8.802493	46.850763	1678.806411	2906.712565	5821.531668	8.802493	46.850763	1678.806411	2906.712565	5821.531668	8.802493	46.850763	1678.806411	2906.712565	5821.531668
	14.848672	161.847300	1287.741852	927.042016	912.819478	14.848672	161.847300	1287.741852	927.042016	912.819478	14.848672	161.847300	1287.741852	927.042016	912.819478	14.848672	161.847300	1287.741852	927.042016	912.819478	14.848672	161.847300	1287.741852	927.042016	912.819478	14.848672	161.847300	1287.741852	927.042016	912.819478	14.848672	161.847300	1287.741852	927.042016	912.819478	14.848672	161.847300	1287.741852	927.042016	912.819478	14.848672	161.847300	1287.741852	927.042016	912.819478
	8.802366	47.094232	1678.781779	2911.506910	5826.353405	8.802366	47.094232	1678.781779	2911.506910	5826.353405	8.802366	47.094232	1678.781779	2911.506910	5826.353405	8.802366	47.094232	1678.781779	2911.506910	5826.353405	8.802366	47.094232	1678.781779	2911.506910	5826.353405	8.802366	47.094232	1678.781779	2911.506910	5826.353405	8.802366	47.094232	1678.781779	2911.506910	5826.353405	8.802366	47.094232	1678.781779	2911.506910	5826.353405	8.802366	47.094232	1678.781779	2911.506910	5826.353405
	14.848334	162.717720	1287.688249	929.716572	915.448269	14.848334	162.717720	1287.688249	929.716572	915.448269	14.848334	162.717720	1287.688249	929.716572	915.448269	14.848334	162.717720	1287.688249	929.716572	915.448269	14.848334	162.717720	1287.688249	929.716572	915.448269	14.848334	162.717720	1287.688249	929.716572	915.448269	14.848334	162.717720	1287.688249	929.716572	915.448269	14.848334	162.717720	1287.688249	929.716572	915.448269	14.848334	162.717720	1287.688249	929.716572	915.448269
	8.002935	43.368785	1570.377210	2910.204061	5142.985864	7.185650	39.203882	1456.886424	2904.230662	4509.437058	6.350380	34.884269	1333.579260	2892.458994	3560.834630	5.497129	30.409944	1189.871295	2869.306021	2472.883088	4.625895	25.780910	1006.835479	2823.990571	1523.936563	3.736819	20.997164	777.434839	2736.433341	860.705641	2.829792	16.058708	540.602991	2572.779214	459.689071	1.904777	10.965542	337.508303	2289.479091	237.081766	0.961773	5.717666	164.899262	1865.745738	120.254208
	13.407423	148.265383	1170.678675	849.703897	836.807939	11.957022	132.519512	1051.098809	764.591101	753.123897	10.496793	116.627121	928.895057	677.260740	667.222607	9.027022	100.588213	804.067420	587.712812	579.104065	7.547429	84.402785	676.615897	495.947318	488.768275	6.057999	68.070837	546.540488	401.964256	396.215235	4.558730	51.592371	413.841194	305.763629	301.074095	3.049624	34.967387	278.518015	207.345434	202.933803	1.530681	18.195884	140.570950	106.709671	102.575721
	8.002822	43.630392	1570.354072	2915.009083	5147.738242	7.185546	39.436417	1456.864870	2909.035468	4514.195527	6.350288	35.087733	1333.559449	2897.263229	3565.339151	5.497048	30.584342	1189.853539	2874.108582	2476.680112	4.625829	25.926239	1006.820373	2828.787838	1526.652078	3.736766	21.113429	777.423105	2741.213316	862.359638	2.829751	16.145908	540.594783	2577.504229	459.830196	1.904749	11.023678	337.503155	2294.045226	237.205557	0.961758	5.746737	164.896738	1869.925815	120.367466
	13.407106	149.377587	1170.627054	852.679538	839.769065	11.956729	133.515845	1051.049905	767.522804	756.081402	10.496527	117.505049	928.849623	680.116831	670.174241	9.026786	101.345388	804.026213	590.452011	582.037777	7.547225	85.037090	676.579670	498.515101	490.820525	6.057829	68.581824	546.509998	404.287698	397.110651	4.558599	51.976906	413.817194	307.744159	301.175342	3.049533	35.224238	278.501261	208.849488	203.013220	1.530634	18.324204	140.562195	107.557153	102.626256
	8.005182	43.891887	1570.330936	2919.858139	5152.548113	7.197880	39.668827	1456.843318	2913.883887	4518.988495	6.372943	35.291070	1333.539638	2902.110254	3569.847544	5.523487	30.758614	1189.835783	2878.952335	2480.451549	4.647860	26.071460	1006.805269	2833.623237	1529.331060	3.754406	21.229606	777.411371	2746.025750	863.984995	2.842990	16.233044	540.586577	2582.251737	459.959776	1.913573	11.081772	337.498008	2298.618071	237.322494	0.966168	5.775788	164.894215	1874.091943	120.476906
	13.413537	150.463441	1170.575445	855.582045	842.658092	11.986971	134.490504	1051.001012	770.376031	758.768662	10.546943	118.365934	928.804201	682.889373	671.684438	9.081719	102.090003	803.985014	593.103252	582.411584	7.593010	85.663041	676.543453	500.991854	490.920277	6.094466	69.080475	546.479514	406.519518	397.200485	4.586086	52.353381	413.793200	309.636957	301.252024	3.067863	35.476894	278.484510	210.277804	203.073770	1.539781	18.451549	140.553443	108.021360	102.666519
	8.005814	44.119133	1570.307798	2924.178188	5156.746409	7.204336	39.907722	1456.821765	2918.205891	4523.311856	6.387993	35.500103	1333.519828	2906.435932	3574.070903	5.546831	30.937786	1189.818028	2883.284571	2484.121823	4.670508	26.220772	1006.790165	2837.965866	1532.023811	3.772546	21.349060	777.399636	2750.380042	864.274476	2.856616	16.322640	540.578370	2586.601477	460.092260	1.922662	11.141509	337.492862	2302.888229	237.441133	0.970710	5.805666	164.891692	1878.081646	120.587227
	13.417289	151.518433	1170.523847	858.518287	843.879985	12.005013	135.564024	1050.952128	773.295759	758.905434	10.583927	119.312993	928.758788	685.760138	671.798870	9.134312	102.907456	803.943826	595.881997	582.520607	7.642702	86.348081	676.507242	503.620629	491.024676	6.134217	69.627857	546.449038	408.919357	397.296290	4.615897	52.763833	413.769211	311.699194	301.334947	3.087735	35.750527	278.467762	211.852833	203.139498	1.549739	18.588369	140.544692	108.052548	102.709515
	8.005699	44.256872	1570.284662	2928.209724	5160.630595	7.206327	40.111452	1456.800213	2922.240186	4527.365245	6.394138	35.702447	1333.500018	2910.475473	3578.080681	5.560155	31.111225	1189.800273	2887.333712	2487.639097	4.687792	26.365308	1006.775060	2842.031182	1534.618522	3.790089	21.464693	777.387902	2754.467660	864.428621	2.869796	16.409372	540.570164	2590.702984	460.224013	1.931457	11.199340	337.487716	2306.939213	237.559224	0.974739	5.834593	164.889169	1881.892123	120.697080
	13.418002	152.223793	1170.472258	861.320222	844.066265	12.012163	136.520135	1050.903255	776.093704	759.039520	10.600966	120.244073	928.713386	688.522083	671.911737	9.167070	103.711229	803.902648	598.565417	582.628075	7.682660	87.020998	676.471041	506.168205	491.127834	6.173242	70.165353	546.418568	411.252893	397.391135	4.645164	53.166953	413.745227	313.710928	301.417184	3.107246	36.019276	278.451019	213.394050	203.204816	1.558737	18.722752	140.535944	108.083356	102.752273
	8.005585	44.318507	1570.261526	2932.199448	5164.461872	7.206472	40.239736	1456.778661	2926.233019	4531.385006	6.396142	35.900081	1333.480207	2914.474236	3582.079506	5.565818	31.286882	1189.782517	2891.343395	2491.164779	4.697162	26.511693	1006.759956	2846.059538	1536.430715	3.807254	21.581808	777.376168	2758.522860	864.584768	2.883136	16.497217	540.561959	2594.779764	460.357002	1.940359	11.257916	337.482569	2310.976974	237.678128	0.974724	5.863897	164.886645	1885.703385	120.754007
	13.417685	152.573457	1170.420682	864.110222	844.259176	12.014693	137.174415	1050.854394	778.884571	759.178029	10.607973	121.158553	928.667993	691.281663	672.028351	9.182661	104.523568	803.861478	601.250926	582.738786	7.706197	87.701731	676.434849	508.721889	491.233971	6.211609	70.709098	546.388106	413.595841	397.488577	4.674764	53.574764	413.721249	315.734172	301.501514	3.126978	36.291155	278.434280	213.892944	203.271696	1.558692	18.858705	140.527197	108.114745	102.795879
	8.005471	44.338764	1570.238391	2936.202981	5168.309770	7.206368	40.296149	1456.757110	2930.239585	4535.417121	6.396454	36.031549	1333.460398	2918.486583	3586.085552	5.567790	31.462252	1189.764761	2895.366371	2494.692977	4.701018	26.657841	1006.744853	2850.100641	1536.624418	3.818327	21.698734	777.364435	2762.589810	864.742261	2.896448	16.584921	540.553752	2598.866597	460.490643	1.944839	11.316399	337.477423	2315.022207	237.797348	0.974710	5.893158	164.884121	1889.518834	120.764227
	13.417368	152.710495	1170.369116	866.903101	844.461408	12.015104	137.491901	1050.805543	781.677345	759.322388	10.610633	121.813294	928.622609	694.042196	672.149150	9.189263	105.334200	803.820316	603.936457	582.852793	7.717084	88.380939	676.398664	511.274766	491.342745	6.237996	71.251621	546.357650	415.937262	397.588061	4.704287	53.981659	413.697278	317.566495	301.587293	3.137949	36.562426	278.417545	213.943392	203.339531	1.558644	18.994355	140.518452	108.146677	102.839895
	8.005355	44.343872	1570.215255	2940.451430	5172.422545	7.206266	40.316456	1456.735559	2934.490454	4539.680349	6.396363	36.096964	1333.440589	2922.742029	3590.278297	5.568362	31.619252	1189.747007	2899.630119	2498.358090	4.702529	26.808464	1006.729749	2854.378074	1536.824769	3.823959	21.819241	777.352701	2766.884884	864.903543	2.907739	16.675312	540.545547	2603.167205	460.626417	1.946958	11.376674	337.472278	2319.258263	237.917850	0.974695	5.923316	164.881598	1893.492737	120.774853
	13.417052	152.764452	1170.317562	869.809257	844.683868	12.014809	137.624490	1050.756703	784.573773	759.480045	10.611548	122.167157	928.577237	696.896257	672.279610	9.192252	106.071795	803.779166	606.704813	582.974546	7.722184	89.071236	676.362487	513.899014	491.457851	6.252575	71.803516	546.327203	418.337721	397.692547	4.729829	54.395516	413.673311	317.649372	301.676716	3.143673	36.838337	278.400814	213.997029	203.409785	1.558597	19.132329	140.509710	108.180008	102.885058
