																																																															
	0.000000	0.000000	0.000000	0.000000	0.000000	0.000000	0.000000	0.000000	0.000000	0.000000	0.000000	0.000000	0.000000	0.000000	0.000000	0.000000	0.000000	0.000000	0.000000	0.000000	0.000000	0.000000	0.000000	0.000000	0.000000	0.000000	0.000000	0.000000	0.000000	0.000000	0.000000	0.000000	0.000000	0.000000	0.000000	0.000000	0.000000	0.000000	0.000000	0.000000	0.000000	0.000000	0.000000	0.000000	0.000000	0.000000	0.000000	0.000000	0.000000	0.000000	0.000000	0.000000	0.000000	0.000000	0.000000	0.000000	0.000000	0.000000	0.000000	0.000000	0.000000	0.000000	0.000000
	0.018605	0.341336	6.571992	25.087736	25.087736	58.087597	89.131400	0.018605	0.341336	6.571992	25.087736	25.087736	58.087597	89.131400	0.018605	0.341336	6.571992	25.087736	25.087736	58.087597	89.131400	0.018605	0.341336	6.571992	25.087736	25.087736	58.087597	89.131400	0.018605	0.341336	6.571992	25.087736	25.087736	58.087597	89.131400	0.018605	0.341336	6.571992	25.087736	25.087736	58.087597	89.131400	0.018605	0.341336	6.571992	25.087736	25.087736	58.087597	89.131400	0.018605	0.341336	6.571992	25.087736	25.087736	58.087597	89.131400	0.018605	0.341336	6.571992	25.087736	25.087736	58.087597	89.131400
	0.241565	10.456125	98.745403	105.270461	105.270461	72.298297	72.369104	0.241565	10.456125	98.745403	105.270461	105.270461	72.298297	72.369104	0.241565	10.456125	98.745403	105.270461	105.270461	72.298297	72.369104	0.241565	10.456125	98.745403	105.270461	105.270461	72.298297	72.369104	0.241565	10.456125	98.745403	105.270461	105.270461	72.298297	72.369104	0.241565	10.456125	98.745403	105.270461	105.270461	72.298297	72.369104	0.241565	10.456125	98.745403	105.270461	105.270461	72.298297	72.369104	0.241565	10.456125	98.745403	105.270461	105.270461	72.298297	72.369104	0.241565	10.456125	98.745403	105.270461	105.270461	72.298297	72.369104
	0.018647	0.341917	6.580942	25.108077	25.108077	58.141022	89.214990	0.018647	0.341917	6.580942	25.108077	25.108077	58.141022	89.214990	0.018647	0.341917	6.580942	25.108077	25.108077	58.141022	89.214990	0.018647	0.341917	6.580942	25.108077	25.108077	58.141022	89.214990	0.018647	0.341917	6.580942	25.108077	25.108077	58.141022	89.214990	0.018647	0.341917	6.580942	25.108077	25.108077	58.141022	89.214990	0.018647	0.341917	6.580942	25.108077	25.108077	58.141022	89.214990	0.018647	0.341917	6.580942	25.108077	25.108077	58.141022	89.214990	0.018647	0.341917	6.580942	25.108077	25.108077	58.141022	89.214990
	0.242182	10.476991	98.816252	105.333566	105.333566	72.358754	72.434789	0.242182	10.476991	98.816252	105.333566	105.333566	72.358754	72.434789	0.242182	10.476991	98.816252	105.333566	105.333566	72.358754	72.434789	0.242182	10.476991	98.816252	105.333566	105.333566	72.358754	72.434789	0.242182	10.476991	98.816252	105.333566	105.333566	72.358754	72.434789	0.242182	10.476991	98.816252	105.333566	105.333566	72.358754	72.434789	0.242182	10.476991	98.816252	105.333566	105.333566	72.358754	72.434789	0.242182	10.476991	98.816252	105.333566	105.333566	72.358754	72.434789	0.242182	10.476991	98.816252	105.333566	105.333566	72.358754	72.434789
	0.018688	0.342482	6.589541	25.127252	25.127252	58.190425	89.293892	0.018688	0.342482	6.589541	25.127252	25.127252	58.190425	89.293892	0.018688	0.342482	6.589541	25.127252	25.127252	58.190425	89.293892	0.018688	0.342482	6.589541	25.127252	25.127252	58.190425	89.293892	0.018688	0.342482	6.589541	25.127252	25.127252	58.190425	89.293892	0.018688	0.342482	6.589541	25.127252	25.127252	58.190425	89.293892	0.018688	0.342482	6.589541	25.127252	25.127252	58.190425	89.293892	0.018688	0.342482	6.589541	25.127252	25.127252	58.190425	89.293892	0.018688	0.342482	6.589541	25.127252	25.127252	58.190425	89.293892
	0.242787	10.497388	98.881812	105.391760	105.391760	72.414184	72.496646	0.242787	10.497388	98.881812	105.391760	105.391760	72.414184	72.496646	0.242787	10.497388	98.881812	105.391760	105.391760	72.414184	72.496646	0.242787	10.497388	98.881812	105.391760	105.391760	72.414184	72.496646	0.242787	10.497388	98.881812	105.391760	105.391760	72.414184	72.496646	0.242787	10.497388	98.881812	105.391760	105.391760	72.414184	72.496646	0.242787	10.497388	98.881812	105.391760	105.391760	72.414184	72.496646	0.242787	10.497388	98.881812	105.391760	105.391760	72.414184	72.496646	0.242787	10.497388	98.881812	105.391760	105.391760	72.414184	72.496646
	0.018728	0.343037	6.597915	25.145556	25.145556	58.236836	89.369275	0.018728	0.343037	6.597915	25.145556	25.145556	58.236836	89.369275	0.018728	0.343037	6.597915	25.145556	25.145556	58.236836	89.369275	0.018728	0.343037	6.597915	25.145556	25.145556	58.236836	89.369275	0.018728	0.343037	6.597915	25.145556	25.145556	58.236836	89.369275	0.018728	0.343037	6.597915	25.145556	25.145556	58.236836	89.369275	0.018728	0.343037	6.597915	25.145556	25.145556	58.236836	89.369275	0.018728	0.343037	6.597915	25.145556	25.145556	58.236836	89.369275	0.018728	0.343037	6.597915	25.145556	25.145556	58.236836	89.369275
	0.243385	10.517451	98.943995	105.446285	105.446285	72.465873	72.555625	0.243385	10.517451	98.943995	105.446285	105.446285	72.465873	72.555625	0.243385	10.517451	98.943995	105.446285	105.446285	72.465873	72.555625	0.243385	10.517451	98.943995	105.446285	105.446285	72.465873	72.555625	0.243385	10.517451	98.943995	105.446285	105.446285	72.465873	72.555625	0.243385	10.517451	98.943995	105.446285	105.446285	72.465873	72.555625	0.243385	10.517451	98.943995	105.446285	105.446285	72.465873	72.555625	0.243385	10.517451	98.943995	105.446285	105.446285	72.465873	72.555625	0.243385	10.517451	98.943995	105.446285	105.446285	72.465873	72.555625
	0.018767	0.343584	6.606135	25.163253	25.163253	58.281182	89.442202	0.018767	0.343584	6.606135	25.163253	25.163253	58.281182	89.442202	0.018767	0.343584	6.606135	25.163253	25.163253	58.281182	89.442202	0.018767	0.343584	6.606135	25.163253	25.163253	58.281182	89.442202	0.018767	0.343584	6.606135	25.163253	25.163253	58.281182	89.442202	0.018767	0.343584	6.606135	25.163253	25.163253	58.281182	89.442202	0.018767	0.343584	6.606135	25.163253	25.163253	58.281182	89.442202	0.018767	0.343584	6.606135	25.163253	25.163253	58.281182	89.442202	0.018767	0.343584	6.606135	25.163253	25.163253	58.281182	89.442202
	0.243976	10.537278	99.003877	105.498246	105.498246	72.514973	72.612588	0.243976	10.537278	99.003877	105.498246	105.498246	72.514973	72.612588	0.243976	10.537278	99.003877	105.498246	105.498246	72.514973	72.612588	0.243976	10.537278	99.003877	105.498246	105.498246	72.514973	72.612588	0.243976	10.537278	99.003877	105.498246	105.498246	72.514973	72.612588	0.243976	10.537278	99.003877	105.498246	105.498246	72.514973	72.612588	0.243976	10.537278	99.003877	105.498246	105.498246	72.514973	72.612588	0.243976	10.537278	99.003877	105.498246	105.498246	72.514973	72.612588	0.243976	10.537278	99.003877	105.498246	105.498246	72.514973	72.612588
	0.018806	0.344119	6.614102	25.179968	25.179968	58.322182	89.511164	0.018806	0.344119	6.614102	25.179968	25.179968	58.322182	89.511164	0.018806	0.344119	6.614102	25.179968	25.179968	58.322182	89.511164	0.018806	0.344119	6.614102	25.179968	25.179968	58.322182	89.511164	0.018806	0.344119	6.614102	25.179968	25.179968	58.322182	89.511164	0.018806	0.344119	6.614102	25.179968	25.179968	58.322182	89.511164	0.018806	0.344119	6.614102	25.179968	25.179968	58.322182	89.511164	0.018806	0.344119	6.614102	25.179968	25.179968	58.322182	89.511164	0.018806	0.344119	6.614102	25.179968	25.179968	58.322182	89.511164
	0.244559	10.556724	99.059959	105.546079	105.546079	72.559890	72.666312	0.244559	10.556724	99.059959	105.546079	105.546079	72.559890	72.666312	0.244559	10.556724	99.059959	105.546079	105.546079	72.559890	72.666312	0.244559	10.556724	99.059959	105.546079	105.546079	72.559890	72.666312	0.244559	10.556724	99.059959	105.546079	105.546079	72.559890	72.666312	0.244559	10.556724	99.059959	105.546079	105.546079	72.559890	72.666312	0.244559	10.556724	99.059959	105.546079	105.546079	72.559890	72.666312	0.244559	10.556724	99.059959	105.546079	105.546079	72.559890	72.666312	0.244559	10.556724	99.059959	105.546079	105.546079	72.559890	72.666312
	0.080067	1.088653	6.311848	14.312976	14.312976	45.416204	369.548616	0.135014	1.801353	9.674931	15.917903	15.917903	61.103745	444.195977	0.174261	2.310425	14.660158	18.975038	18.975038	90.112701	423.519125	0.197809	2.615868	22.965118	24.666128	24.666128	139.115130	325.206159	0.205659	2.717682	35.099893	34.802971	34.802971	208.568014	217.165460	0.197809	2.615868	44.007267	51.406194	51.406194	278.263608	139.107727	0.174261	2.310425	38.747428	74.645542	74.645542	306.518783	93.171990	0.135014	1.801353	24.778896	98.795341	98.795341	271.033360	68.793787	0.080067	1.088653	13.382240	111.359970	111.359970	199.335744	56.502397
	0.245856	9.574688	67.084692	68.515462	68.515462	51.718685	51.678552	0.341747	12.908802	80.717352	80.741940	80.741940	63.710076	63.593734	0.410240	15.290312	90.454966	89.475139	89.475139	72.275355	72.104578	0.451336	16.719219	96.297534	94.715058	94.715058	77.414523	77.211084	0.465035	17.195521	98.245057	96.461698	96.461698	79.127579	78.913253	0.451336	16.719219	96.297534	94.715058	94.715058	77.414523	77.211084	0.410240	15.290312	90.454966	89.475139	89.475139	72.275355	72.104578	0.341747	12.908802	80.717352	80.741940	80.741940	63.710076	63.593734	0.245856	9.574688	67.084692	68.515462	68.515462	51.718685	51.678552
	0.080083	1.088901	6.319763	14.333034	14.333034	45.462135	369.486407	0.135007	1.801324	9.681446	15.937347	15.937347	61.140814	444.089290	0.174237	2.310179	14.664577	18.993309	18.993309	90.133289	423.401345	0.197774	2.615466	22.965970	24.682208	24.682208	139.107542	325.108620	0.205616	2.717185	35.095220	34.815115	34.815115	208.519364	217.096791	0.197765	2.615337	43.997412	51.411779	51.411779	278.170506	139.061417	0.174219	2.309920	38.737100	74.641601	74.641601	306.399498	93.139196	0.134980	1.800936	24.771742	98.780537	98.780537	270.919817	68.768252	0.080046	1.088384	13.378121	111.337153	111.337153	199.248564	56.480541
	0.246390	9.592773	67.145696	68.568964	68.568964	51.767446	51.733748	0.342200	12.924101	80.766278	80.784980	80.784980	63.746419	63.638178	0.410616	15.302968	90.492599	89.508314	89.508314	72.300482	72.139012	0.451640	16.729375	96.324658	94.738967	94.738967	77.429637	77.236249	0.465270	17.203321	98.262455	96.476936	96.476936	79.133883	78.929889	0.451507	16.724808	96.305990	94.722224	94.722224	77.413219	77.219934	0.410351	15.293835	90.455264	89.474830	89.474830	72.267647	72.106381	0.341802	12.910402	80.710276	80.734753	80.734753	63.697166	63.589233	0.245860	9.574508	67.071026	68.501994	68.501994	51.701777	51.668487
	0.080097	1.089140	6.327636	14.352961	14.352961	45.507541	369.420616	0.134999	1.801278	9.687900	15.956646	15.956646	61.177190	443.978310	0.174213	2.309912	14.668905	19.011410	19.011410	90.152877	423.279480	0.197737	2.615041	22.966682	24.698068	24.698068	139.098431	325.007948	0.205572	2.716664	35.090336	34.826953	34.826953	208.468453	217.026032	0.197719	2.614782	43.987294	51.416919	51.416919	278.074403	139.013769	0.174176	2.309395	38.726542	74.637018	74.637018	306.276918	93.105508	0.134945	1.800503	24.764441	98.764885	98.764885	270.803364	68.742056	0.080025	1.088106	13.373922	111.313385	111.313385	199.159246	56.458143
	0.246923	9.610760	67.206243	68.621832	68.621832	51.815591	51.788395	0.342650	12.939270	80.814673	80.827287	80.827287	63.782022	63.681963	0.410989	15.315474	90.529648	89.540686	89.540686	72.324784	72.172709	0.451940	16.739370	96.351169	94.762032	94.762032	77.443876	77.260632	0.465501	17.210959	98.279235	96.491322	96.491322	79.139300	78.945734	0.451674	16.730241	96.313846	94.728558	94.728558	77.411055	77.228014	0.410459	15.297215	90.455004	89.473739	89.473739	72.259142	72.107471	0.341855	12.911882	80.702706	80.726866	80.726866	63.683559	63.584106	0.245862	9.574241	67.056954	68.487937	68.487937	51.684308	51.657919
	0.080107	1.089310	6.335375	14.372658	14.372658	45.551701	369.280929	0.134975	1.801011	9.694040	15.975659	15.975659	61.211348	443.707612	0.174153	2.309187	14.672482	19.029099	19.029099	90.167578	422.936929	0.197642	2.613853	22.965322	24.713213	24.713213	139.076860	324.736485	0.205445	2.715049	35.079131	34.837280	34.837280	208.384999	216.841228	0.197570	2.612861	43.960822	51.418389	51.418389	277.904130	138.893107	0.174032	2.307502	38.694861	74.623107	74.623107	306.036845	93.022918	0.134832	1.799004	24.743633	98.727132	98.727132	270.581073	68.679750	0.079957	1.087183	13.362430	111.246636	111.246636	198.992094	56.406092
	0.247439	9.628138	67.265360	68.673599	68.673599	51.862300	51.832621	0.343057	12.952834	80.860434	80.868149	80.868149	63.815295	63.702772	0.411279	15.324926	90.562036	89.571125	89.571125	72.345142	72.168707	0.452106	16.744475	96.368958	94.782349	94.782349	77.451151	77.244354	0.465543	17.211652	98.278276	96.501515	96.501515	79.132333	78.920041	0.451605	16.726915	96.285855	94.728121	94.728121	77.388212	77.195487	0.410326	15.291521	90.405373	89.461457	89.461457	72.222889	72.070654	0.341707	12.905705	80.651100	80.700904	80.700904	63.645043	63.545555	0.245720	9.568298	67.006306	68.447433	68.447433	51.646631	51.620207
	0.080116	1.089482	6.343066	14.392204	14.392204	45.595248	369.136178	0.134952	1.800770	9.700115	15.994506	15.994506	61.244683	443.429096	0.174099	2.308518	14.675980	19.046592	19.046592	90.181050	422.583827	0.197556	2.612740	22.963890	24.728109	24.728109	139.053304	324.456786	0.205327	2.713494	35.067917	34.847274	34.847274	208.298306	216.651050	0.197424	2.610958	43.934399	51.419411	51.419411	277.728541	138.769164	0.173884	2.305564	38.662316	74.608649	74.608649	305.789211	92.938213	0.134716	1.797474	24.722301	98.688637	98.688637	270.351875	68.615870	0.079888	1.086243	13.350664	111.178731	111.178731	198.819913	56.352899
	0.247954	9.645504	67.323942	68.724643	68.724643	51.908292	51.876074	0.343469	12.966573	80.905628	80.908175	80.908175	63.847693	63.722390	0.411582	15.334739	90.593906	89.600648	89.600648	72.364493	72.162835	0.452292	16.750041	96.386416	94.801718	94.801718	77.457292	77.226053	0.465606	17.212720	98.277261	96.510779	96.510779	79.124104	78.892337	0.451543	16.723698	96.257937	94.726850	94.726850	77.363857	77.161092	0.410187	15.285523	90.353692	89.448507	89.448507	72.184822	72.032163	0.341555	12.899309	80.597759	80.674327	80.674327	63.604883	63.505524	0.245578	9.562195	66.954273	68.406214	68.406214	51.607641	51.581438
	0.080124	1.089634	6.350600	14.411360	14.411360	45.637081	368.976838	0.134929	1.800524	9.705959	16.012919	16.012919	61.275693	443.128311	0.174048	2.307873	14.679143	19.063570	19.063570	90.191013	422.202846	0.197478	2.611670	22.961978	24.742338	24.742338	139.024039	324.155510	0.205223	2.711968	35.056018	34.856329	34.856329	208.202236	216.446798	0.197283	2.609024	43.907054	51.419061	51.419061	277.538023	138.636651	0.173731	2.303515	38.627535	74.592199	74.592199	305.521531	92.848046	0.134598	1.795877	24.699638	98.647169	98.647169	270.104597	68.547967	0.079823	1.085262	13.338209	111.106478	111.106478	198.634551	56.296947
	0.248464	9.662697	67.380856	68.773821	68.773821	51.952314	51.917412	0.343878	12.980264	80.948875	80.946012	80.946012	63.877648	63.738738	0.411893	15.344702	90.623691	89.627753	89.627753	72.381003	72.152127	0.452498	16.755873	96.401828	94.818527	94.818527	77.460223	77.202551	0.465699	17.213951	98.274291	96.517440	96.517440	79.112281	78.859451	0.451492	16.720266	96.227963	94.723040	94.723040	77.335309	77.121885	0.410034	15.278777	90.296749	89.433158	89.433158	72.141994	71.989402	0.341397	12.892416	80.540059	80.645311	80.645311	63.560450	63.461743	0.245447	9.555737	66.898777	68.362315	68.362315	51.565221	51.540129
	0.080130	1.089762	6.357950	14.430062	14.430062	45.676923	368.800563	0.134904	1.800255	9.711527	16.030827	16.030827	61.304003	442.801717	0.173997	2.307237	14.681906	19.079948	19.079948	90.196901	421.789497	0.197405	2.610647	22.959486	24.755787	24.755787	138.988148	323.829270	0.205128	2.710494	35.043314	34.864288	34.864288	208.095301	216.226472	0.197154	2.607082	43.878800	51.417100	51.417100	277.330194	138.494662	0.173578	2.301368	38.590401	74.573413	74.573413	305.230571	92.752082	0.134484	1.794240	24.675676	98.602257	98.602257	269.836349	68.475831	0.079771	1.084262	13.325110	111.029266	111.029266	198.433958	56.238630
	0.248968	9.679652	67.435796	68.820827	68.820827	51.994052	51.956299	0.344282	12.993778	80.989809	80.981303	80.981303	63.904772	63.751300	0.412201	15.354711	90.650981	89.652040	89.652040	72.394221	72.135809	0.452712	16.761992	96.414773	94.832352	94.832352	77.459432	77.173032	0.465814	17.215506	98.269031	96.521061	96.521061	79.096295	78.820650	0.451468	16.716776	96.195958	94.716255	94.716255	77.301903	77.077356	0.409880	15.271372	90.234270	89.414998	89.414998	72.093638	71.942107	0.341248	12.885236	80.478097	80.613469	80.613469	63.511059	63.414016	0.245355	9.549101	66.840036	68.315362	68.315362	51.518837	51.496642
	0.080133	1.089862	6.365110	14.448299	14.448299	45.714754	368.607212	0.134876	1.799953	9.716813	16.048221	16.048221	61.329587	442.449113	0.173943	2.306589	14.684259	19.095713	19.095713	90.198681	421.343343	0.197330	2.609666	22.956402	24.768444	24.768444	138.945580	323.477823	0.205038	2.709101	35.029832	34.871133	34.871133	207.977257	215.990181	0.197036	2.605181	43.849398	51.413509	51.413509	277.104906	138.343640	0.173431	2.299166	38.551183	74.552285	74.552285	304.916018	92.650882	0.134382	1.792620	24.650696	98.553954	98.553954	269.546861	68.399876	0.079724	1.083278	13.311564	110.947247	110.947247	198.218018	56.178857
	0.249464	9.696350	67.488715	68.865622	68.865622	52.033482	51.992711	0.344678	13.007037	81.028372	81.014002	81.014002	63.929037	63.760039	0.412503	15.364628	90.675712	89.673461	89.673461	72.404117	72.113798	0.452925	16.768375	96.425202	94.843145	94.843145	77.454890	77.137433	0.465938	17.217569	98.261554	96.521594	96.521594	79.076052	78.775965	0.451470	16.713539	96.161397	94.706456	94.706456	77.263594	77.027749	0.409742	15.263598	90.166878	89.394017	89.394017	72.039675	71.890711	0.341128	12.878175	80.412790	80.578846	80.578846	63.456648	63.362724	0.245279	9.542607	66.779043	68.265448	68.265448	51.468458	51.451807
