																																																															
	0.000000	0.000000	0.000000	0.000000	0.000000	0.000000	0.000000	0.000000	0.000000	0.000000	0.000000	0.000000	0.000000	0.000000	0.000000	0.000000	0.000000	0.000000	0.000000	0.000000	0.000000	0.000000	0.000000	0.000000	0.000000	0.000000	0.000000	0.000000	0.000000	0.000000	0.000000	0.000000	0.000000	0.000000	0.000000	0.000000	0.000000	0.000000	0.000000	0.000000	0.000000	0.000000	0.000000	0.000000	0.000000	0.000000	0.000000	0.000000	0.000000	0.000000	0.000000	0.000000	0.000000	0.000000	0.000000	0.000000	0.000000	0.000000	0.000000	0.000000	0.000000	0.000000	0.000000
	1.667510	23.124433	367.304658	914.797749	914.797749	2583.523096	3743.762338	1.667510	23.124433	367.304658	914.797749	914.797749	2583.523096	3743.762338	1.667510	23.124433	367.304658	914.797749	914.797749	2583.523096	3743.762338	1.667510	23.124433	367.304658	914.797749	914.797749	2583.523096	3743.762338	1.667510	23.124433	367.304658	914.797749	914.797749	2583.523096	3743.762338	1.667510	23.124433	367.304658	914.797749	914.797749	2583.523096	3743.762338	1.667510	23.124433	367.304658	914.797749	914.797749	2583.523096	3743.762338	1.667510	23.124433	367.304658	914.797749	914.797749	2583.523096	3743.762338	1.667510	23.124433	367.304658	914.797749	914.797749	2583.523096	3743.762338
	0.316010	10.258128	63.298069	71.386159	71.386159	68.844030	66.007112	0.316010	10.258128	63.298069	71.386159	71.386159	68.844030	66.007112	0.316010	10.258128	63.298069	71.386159	71.386159	68.844030	66.007112	0.316010	10.258128	63.298069	71.386159	71.386159	68.844030	66.007112	0.316010	10.258128	63.298069	71.386159	71.386159	68.844030	66.007112	0.316010	10.258128	63.298069	71.386159	71.386159	68.844030	66.007112	0.316010	10.258128	63.298069	71.386159	71.386159	68.844030	66.007112	0.316010	10.258128	63.298069	71.386159	71.386159	68.844030	66.007112	0.316010	10.258128	63.298069	71.386159	71.386159	68.844030	66.007112
	1.668761	23.135846	367.427264	914.865257	914.865257	2583.858352	3743.825025	1.668761	23.135846	367.427264	914.865257	914.865257	2583.858352	3743.825025	1.668761	23.135846	367.427264	914.865257	914.865257	2583.858352	3743.825025	1.668761	23.135846	367.427264	914.865257	914.865257	2583.858352	3743.825025	1.668761	23.135846	367.427264	914.865257	914.865257	2583.858352	3743.825025	1.668761	23.135846	367.427264	914.865257	914.865257	2583.858352	3743.825025	1.668761	23.135846	367.427264	914.865257	914.865257	2583.858352	3743.825025	1.668761	23.135846	367.427264	914.865257	914.865257	2583.858352	3743.825025	1.668761	23.135846	367.427264	914.865257	914.865257	2583.858352	3743.825025
	0.316360	10.265553	63.302487	71.381330	71.381330	68.858056	66.006730	0.316360	10.265553	63.302487	71.381330	71.381330	68.858056	66.006730	0.316360	10.265553	63.302487	71.381330	71.381330	68.858056	66.006730	0.316360	10.265553	63.302487	71.381330	71.381330	68.858056	66.006730	0.316360	10.265553	63.302487	71.381330	71.381330	68.858056	66.006730	0.316360	10.265553	63.302487	71.381330	71.381330	68.858056	66.006730	0.316360	10.265553	63.302487	71.381330	71.381330	68.858056	66.006730	0.316360	10.265553	63.302487	71.381330	71.381330	68.858056	66.006730	0.316360	10.265553	63.302487	71.381330	71.381330	68.858056	66.006730
	1.670011	23.147259	367.549868	914.932764	914.932764	2584.243680	3743.887710	1.670011	23.147259	367.549868	914.932764	914.932764	2584.243680	3743.887710	1.670011	23.147259	367.549868	914.932764	914.932764	2584.243680	3743.887710	1.670011	23.147259	367.549868	914.932764	914.932764	2584.243680	3743.887710	1.670011	23.147259	367.549868	914.932764	914.932764	2584.243680	3743.887710	1.670011	23.147259	367.549868	914.932764	914.932764	2584.243680	3743.887710	1.670011	23.147259	367.549868	914.932764	914.932764	2584.243680	3743.887710	1.670011	23.147259	367.549868	914.932764	914.932764	2584.243680	3743.887710	1.670011	23.147259	367.549868	914.932764	914.932764	2584.243680	3743.887710
	0.316710	10.272977	63.306904	71.376502	71.376502	68.874231	66.009773	0.316710	10.272977	63.306904	71.376502	71.376502	68.874231	66.009773	0.316710	10.272977	63.306904	71.376502	71.376502	68.874231	66.009773	0.316710	10.272977	63.306904	71.376502	71.376502	68.874231	66.009773	0.316710	10.272977	63.306904	71.376502	71.376502	68.874231	66.009773	0.316710	10.272977	63.306904	71.376502	71.376502	68.874231	66.009773	0.316710	10.272977	63.306904	71.376502	71.376502	68.874231	66.009773	0.316710	10.272977	63.306904	71.376502	71.376502	68.874231	66.009773	0.316710	10.272977	63.306904	71.376502	71.376502	68.874231	66.009773
	1.671262	23.158671	367.672469	915.000270	915.000270	2584.569424	3743.950394	1.671262	23.158671	367.672469	915.000270	915.000270	2584.569424	3743.950394	1.671262	23.158671	367.672469	915.000270	915.000270	2584.569424	3743.950394	1.671262	23.158671	367.672469	915.000270	915.000270	2584.569424	3743.950394	1.671262	23.158671	367.672469	915.000270	915.000270	2584.569424	3743.950394	1.671262	23.158671	367.672469	915.000270	915.000270	2584.569424	3743.950394	1.671262	23.158671	367.672469	915.000270	915.000270	2584.569424	3743.950394	1.671262	23.158671	367.672469	915.000270	915.000270	2584.569424	3743.950394	1.671262	23.158671	367.672469	915.000270	915.000270	2584.569424	3743.950394
	0.317060	10.280398	63.311319	71.371676	71.371676	68.887996	66.010227	0.317060	10.280398	63.311319	71.371676	71.371676	68.887996	66.010227	0.317060	10.280398	63.311319	71.371676	71.371676	68.887996	66.010227	0.317060	10.280398	63.311319	71.371676	71.371676	68.887996	66.010227	0.317060	10.280398	63.311319	71.371676	71.371676	68.887996	66.010227	0.317060	10.280398	63.311319	71.371676	71.371676	68.887996	66.010227	0.317060	10.280398	63.311319	71.371676	71.371676	68.887996	66.010227	0.317060	10.280398	63.311319	71.371676	71.371676	68.887996	66.010227	0.317060	10.280398	63.311319	71.371676	71.371676	68.887996	66.010227
	1.672512	23.170083	367.795068	915.067774	915.067774	2584.918495	3744.013077	1.672512	23.170083	367.795068	915.067774	915.067774	2584.918495	3744.013077	1.672512	23.170083	367.795068	915.067774	915.067774	2584.918495	3744.013077	1.672512	23.170083	367.795068	915.067774	915.067774	2584.918495	3744.013077	1.672512	23.170083	367.795068	915.067774	915.067774	2584.918495	3744.013077	1.672512	23.170083	367.795068	915.067774	915.067774	2584.918495	3744.013077	1.672512	23.170083	367.795068	915.067774	915.067774	2584.918495	3744.013077	1.672512	23.170083	367.795068	915.067774	915.067774	2584.918495	3744.013077	1.672512	23.170083	367.795068	915.067774	915.067774	2584.918495	3744.013077
	0.317409	10.287817	63.315733	71.366851	71.366851	68.902424	66.011583	0.317409	10.287817	63.315733	71.366851	71.366851	68.902424	66.011583	0.317409	10.287817	63.315733	71.366851	71.366851	68.902424	66.011583	0.317409	10.287817	63.315733	71.366851	71.366851	68.902424	66.011583	0.317409	10.287817	63.315733	71.366851	71.366851	68.902424	66.011583	0.317409	10.287817	63.315733	71.366851	71.366851	68.902424	66.011583	0.317409	10.287817	63.315733	71.366851	71.366851	68.902424	66.011583	0.317409	10.287817	63.315733	71.366851	71.366851	68.902424	66.011583	0.317409	10.287817	63.315733	71.366851	71.366851	68.902424	66.011583
	1.673762	23.181495	367.917664	915.135277	915.135277	2585.300277	3744.075759	1.673762	23.181495	367.917664	915.135277	915.135277	2585.300277	3744.075759	1.673762	23.181495	367.917664	915.135277	915.135277	2585.300277	3744.075759	1.673762	23.181495	367.917664	915.135277	915.135277	2585.300277	3744.075759	1.673762	23.181495	367.917664	915.135277	915.135277	2585.300277	3744.075759	1.673762	23.181495	367.917664	915.135277	915.135277	2585.300277	3744.075759	1.673762	23.181495	367.917664	915.135277	915.135277	2585.300277	3744.075759	1.673762	23.181495	367.917664	915.135277	915.135277	2585.300277	3744.075759	1.673762	23.181495	367.917664	915.135277	915.135277	2585.300277	3744.075759
	0.317759	10.295234	63.320146	71.362027	71.362027	68.915890	66.014684	0.317759	10.295234	63.320146	71.362027	71.362027	68.915890	66.014684	0.317759	10.295234	63.320146	71.362027	71.362027	68.915890	66.014684	0.317759	10.295234	63.320146	71.362027	71.362027	68.915890	66.014684	0.317759	10.295234	63.320146	71.362027	71.362027	68.915890	66.014684	0.317759	10.295234	63.320146	71.362027	71.362027	68.915890	66.014684	0.317759	10.295234	63.320146	71.362027	71.362027	68.915890	66.014684	0.317759	10.295234	63.320146	71.362027	71.362027	68.915890	66.014684	0.317759	10.295234	63.320146	71.362027	71.362027	68.915890	66.014684
	1.649104	22.989583	368.162773	915.219720	915.219720	2585.150403	3459.949896	1.591730	22.316043	367.968235	915.203622	915.203622	2583.509172	3008.854194	1.502891	21.172289	366.922033	915.084592	915.084592	2577.105307	2285.385028	1.382587	19.558320	362.518317	914.536565	914.536565	2553.951535	1490.223245	1.230818	17.474137	345.093572	912.387538	912.387538	2480.097060	856.442805	1.047585	14.919739	292.662207	904.860268	904.860268	2287.623243	453.035911	0.832886	11.895126	199.266846	881.745188	881.745188	1912.035806	228.626677	0.586722	8.400299	107.197464	822.837229	822.837229	1394.185549	112.580176	0.309094	4.435257	47.724898	706.751989	706.751989	886.130825	54.718826
	0.370552	12.131185	68.677666	74.701472	74.701472	72.317528	69.629304	0.404273	13.324432	71.433983	75.716854	75.716854	73.421009	70.972090	0.419270	13.882390	71.593507	74.403349	74.403349	72.240415	70.045313	0.415544	13.805058	69.156240	70.760957	70.760957	68.775743	66.848974	0.393095	13.092438	64.122180	64.789680	64.789680	63.026996	61.383072	0.351922	11.744528	56.491328	56.489516	56.489516	54.994172	53.647607	0.292027	9.761330	46.263684	45.860466	45.860466	44.677272	43.642579	0.213408	7.142842	33.439248	32.902531	32.902531	32.074427	31.367988	0.116065	3.889066	18.018020	17.615708	17.615708	17.179254	16.823834
	1.650354	23.000996	368.285359	915.287220	915.287220	2585.499767	3460.017984	1.592981	22.327468	368.090821	915.271121	915.271121	2583.859151	3008.930908	1.504144	21.183734	367.044633	915.152093	915.152093	2577.456397	2285.475590	1.383842	19.569794	362.640990	914.604074	914.604074	2554.304379	1490.349509	1.232076	17.485649	345.216558	912.455085	912.455085	2480.451728	856.572082	1.048846	14.931298	292.786163	904.927954	904.927954	2287.976597	453.167235	0.834151	11.906742	199.392555	881.813307	881.813307	1912.376378	228.759422	0.587992	8.411980	107.324911	822.906463	822.906463	1394.492340	112.713716	0.310368	4.447012	47.853469	706.823431	706.823431	886.387322	54.852776
	0.370884	12.138031	68.680498	74.695660	74.695660	72.330408	69.629851	0.404592	13.330894	71.435982	75.710719	75.710719	73.433295	70.971951	0.419583	13.888651	71.595421	74.397561	74.397561	72.252578	70.045036	0.415856	13.811301	69.158815	70.756188	70.756188	68.788208	66.849065	0.393410	13.098845	64.126164	64.786598	64.786598	63.040115	61.384046	0.352247	11.751283	56.497468	56.488792	56.488792	55.008200	53.650050	0.292366	9.768614	46.272727	45.862770	45.862770	44.690307	43.647112	0.213768	7.150839	33.451941	32.908532	32.908532	32.082917	31.375313	0.116451	3.897958	18.035110	17.626077	17.626077	17.191915	16.834656
	1.651605	23.012410	368.407943	915.354718	915.354718	2585.857935	3460.086071	1.594233	22.338892	368.213405	915.338619	915.338619	2584.223310	3009.007621	1.505397	21.195179	367.167231	915.219592	915.219592	2577.831409	2285.633186	1.385097	19.581268	362.763661	914.671582	914.671582	2554.696952	1490.660590	1.233334	17.497161	345.339541	912.522631	912.522631	2480.850036	856.820946	1.050107	14.942858	292.910117	904.995639	904.995639	2288.373094	453.364966	0.835416	11.918357	199.518262	881.881424	881.881424	1912.758850	228.925991	0.589261	8.423660	107.452354	822.975696	822.975696	1394.837619	112.863840	0.311642	4.458767	47.982038	706.894871	706.894871	886.675127	54.994757
	0.371216	12.144875	68.683328	74.689848	74.689848	72.343557	69.642388	0.404912	13.337355	71.437980	75.704585	75.704585	73.446037	70.984543	0.419896	13.894910	71.597334	74.391776	74.391776	72.265517	70.058020	0.416167	13.817542	69.161390	70.751420	70.751420	68.801874	66.863024	0.393726	13.105251	64.130148	64.783518	64.783518	63.054512	61.399157	0.352572	11.758035	56.503607	56.488069	56.488069	55.016432	53.666017	0.292706	9.775897	46.281768	45.865073	45.865073	44.695180	43.663427	0.214127	7.158834	33.464631	32.914532	32.914532	32.091354	31.391570	0.116836	3.906848	18.052195	17.636443	17.636443	17.204521	16.850376
	1.652855	23.023823	368.530524	915.422215	915.422215	2586.166492	3460.154156	1.595484	22.350317	368.335986	915.406116	915.406116	2584.539226	3009.355509	1.506650	21.206623	367.289826	915.287090	915.287090	2578.160926	2285.977898	1.386352	19.592742	362.886330	914.739089	914.739089	2555.049464	1490.969378	1.234591	17.508673	345.462522	912.590176	912.590176	2481.215486	857.072089	1.051367	14.954416	293.034069	905.063322	905.063322	2288.744179	453.564984	0.836680	11.929972	199.643966	881.949541	881.949541	1913.125923	229.093742	0.590530	8.435341	107.579796	823.044928	823.044928	1395.177700	113.014477	0.312917	4.470521	48.110604	706.966310	706.966310	886.964083	55.136998
	0.371547	12.151718	68.686157	74.684039	74.684039	72.354942	69.654061	0.405232	13.343813	71.439978	75.698454	75.698454	73.457459	70.997387	0.420209	13.901168	71.599247	74.385992	74.385992	72.277806	70.071448	0.416478	13.823781	69.163964	70.746654	70.746654	68.809465	66.877608	0.394041	13.111654	64.134130	64.780438	64.780438	63.054940	61.415074	0.352897	11.764786	56.509744	56.487345	56.487345	55.018425	53.682980	0.293045	9.783177	46.290806	45.867376	45.867376	44.700055	43.680854	0.214487	7.166827	33.477316	32.920530	32.920530	32.099803	31.408803	0.117221	3.915735	18.069275	17.646806	17.646806	17.217143	16.866650
	1.654106	23.035236	368.653104	915.489710	915.489710	2586.451169	3460.447283	1.596735	22.361741	368.458565	915.473611	915.473611	2584.831568	3009.687738	1.507902	21.218067	367.412419	915.354587	915.354587	2578.467482	2286.310892	1.387607	19.604215	363.008996	914.806595	914.806595	2555.380294	1491.270352	1.235849	17.520185	345.585500	912.657719	912.657719	2481.563099	857.318634	1.052628	14.965975	293.158018	905.131004	905.131004	2289.099711	453.762574	0.837945	11.941587	199.769667	882.017656	882.017656	1913.480514	229.260317	0.591800	8.447021	107.707235	823.114158	823.114158	1395.508747	113.164545	0.314191	4.482276	48.239168	707.037748	707.037748	887.247231	55.150704
	0.371879	12.158558	68.688986	74.678231	74.678231	72.365192	69.664649	0.405551	13.350270	71.441975	75.692324	75.692324	73.467838	71.009443	0.420521	13.907424	71.601159	74.380210	74.380210	72.279478	70.084167	0.416790	13.830019	69.166537	70.741888	70.741888	68.807848	66.891562	0.394356	13.118056	64.138111	64.777359	64.777359	63.054766	61.430449	0.353221	11.771535	56.515878	56.486622	56.486622	55.020409	53.699501	0.293385	9.790455	46.299841	45.869678	45.869678	44.704925	43.697949	0.214846	7.174817	33.489998	32.926526	32.926526	32.108247	31.425820	0.117606	3.924620	18.086350	17.657166	17.657166	17.229762	16.882817
	1.655356	23.046649	368.775680	915.557204	915.557204	2586.728366	3460.734485	1.597987	22.373165	368.581142	915.541105	915.541105	2585.116700	3010.018300	1.509155	21.229511	367.535010	915.422082	915.422082	2578.767324	2286.643718	1.388862	19.615688	363.131660	914.874099	914.874099	2555.705324	1491.572191	1.237107	17.531696	345.708477	912.725261	912.725261	2481.908121	857.566279	1.053889	14.977534	293.281965	905.198684	905.198684	2289.453625	453.960979	0.839210	11.953202	199.895366	882.085770	882.085770	1913.834676	229.427375	0.593069	8.458701	107.834671	823.183386	823.183386	1395.840410	113.314856	0.315466	4.494030	48.367729	707.109184	707.109184	887.531475	55.158442
	0.372210	12.165396	68.691814	74.672425	74.672425	72.375103	69.674945	0.405870	13.356725	71.443972	75.686196	75.686196	73.467681	71.021437	0.420834	13.913678	71.603070	74.374430	74.374430	72.277130	70.096855	0.417101	13.836255	69.169110	70.737125	70.737125	68.806244	66.905517	0.394672	13.124456	64.142090	64.774281	64.774281	63.054607	61.445857	0.353546	11.778281	56.522012	56.485899	56.485899	55.022405	53.716084	0.293724	9.797731	46.308874	45.871979	45.871979	44.709807	43.715125	0.215206	7.182805	33.502677	32.932520	32.932520	32.116706	31.442921	0.117991	3.933502	18.103420	17.667523	17.667523	17.242395	16.899043
	1.656607	23.058061	368.898255	915.624697	915.624697	2587.003511	3461.020005	1.599238	22.384589	368.703716	915.608598	915.608598	2585.399880	3010.349530	1.510408	21.240955	367.657598	915.489577	915.489577	2579.065376	2286.976866	1.390117	19.627161	363.254321	914.941602	914.941602	2556.028875	1491.874084	1.238364	17.543207	345.831450	912.792802	912.792802	2482.254021	857.813859	1.055150	14.989092	293.405910	905.266363	905.266363	2289.808199	454.159312	0.840475	11.964817	200.021063	882.153883	882.153883	1914.189226	229.594385	0.594338	8.470380	107.962105	823.252614	823.252614	1396.172201	113.465148	0.316740	4.505784	48.496288	707.180619	707.180619	887.727971	55.166166
	0.372542	12.172232	68.694641	74.666620	74.666620	72.377218	69.685078	0.406189	13.363178	71.445968	75.680070	75.680070	73.465405	71.033448	0.421146	13.919930	71.604981	74.368651	74.368651	72.274806	70.109552	0.417412	13.842489	69.171682	70.732362	70.732362	68.804658	66.919475	0.394987	13.130854	64.146069	64.771204	64.771204	63.054466	61.461260	0.353870	11.785026	56.528143	56.485176	56.485176	55.024416	53.732655	0.294063	9.805005	46.317904	45.874279	45.874279	44.714703	43.732285	0.215565	7.190790	33.515351	32.938513	32.938513	32.125179	31.460003	0.118376	3.942382	18.120486	17.677877	17.677877	17.255041	16.915253
	1.657857	23.069474	369.020827	915.692189	915.692189	2587.292442	3461.318785	1.600489	22.396012	368.826288	915.676089	915.676089	2585.696893	3010.694237	1.511661	21.252399	367.780184	915.557069	915.557069	2579.377275	2287.320344	1.391372	19.638634	363.376980	915.009103	915.009103	2556.366154	1492.183031	1.239622	17.554718	345.954422	912.860342	912.860342	2482.615090	858.065676	1.056411	15.000650	293.529852	905.334041	905.334041	2290.176173	454.359923	0.841739	11.976431	200.146758	882.221994	882.221994	1914.554733	229.762522	0.595607	8.482060	108.089537	823.321840	823.321840	1396.512091	113.520586	0.318014	4.517537	48.635890	707.252053	707.252053	887.884387	55.174154
	0.372873	12.179067	68.697467	74.660817	74.660817	72.376062	69.695792	0.406509	13.369629	71.447963	75.673946	75.673946	73.463229	71.046128	0.421459	13.926180	71.606892	74.362874	74.362874	72.272555	70.122864	0.417723	13.848721	69.174253	70.727601	70.727601	68.803125	66.933988	0.395302	13.137250	64.150046	64.768128	64.768128	63.054370	61.477149	0.354195	11.791769	56.534273	56.484454	56.484454	55.026463	53.749626	0.294402	9.812276	46.326931	45.876579	45.876579	44.719631	43.749746	0.215924	7.198773	33.528022	32.944504	32.944504	32.133681	31.477282	0.118761	3.951259	18.141336	17.688228	17.688228	17.267712	16.931558
