																																																															
	0.000000	0.000000	0.000000	0.000000	0.000000	0.000000	0.000000	0.000000	0.000000	0.000000	0.000000	0.000000	0.000000	0.000000	0.000000	0.000000	0.000000	0.000000	0.000000	0.000000	0.000000	0.000000	0.000000	0.000000	0.000000	0.000000	0.000000	0.000000	0.000000	0.000000	0.000000	0.000000	0.000000	0.000000	0.000000	0.000000	0.000000	0.000000	0.000000	0.000000	0.000000	0.000000	0.000000	0.000000	0.000000	0.000000	0.000000	0.000000	0.000000	0.000000	0.000000	0.000000	0.000000	0.000000	0.000000	0.000000	0.000000	0.000000	0.000000	0.000000	0.000000	0.000000	0.000000
	0.287559	1.343303	6.578896	10.882972	10.882972	19.592442	24.280229	0.287559	1.343303	6.578896	10.882972	10.882972	19.592442	24.280229	0.287559	1.343303	6.578896	10.882972	10.882972	19.592442	24.280229	0.287559	1.343303	6.578896	10.882972	10.882972	19.592442	24.280229	0.287559	1.343303	6.578896	10.882972	10.882972	19.592442	24.280229	0.287559	1.343303	6.578896	10.882972	10.882972	19.592442	24.280229	0.287559	1.343303	6.578896	10.882972	10.882972	19.592442	24.280229	0.287559	1.343303	6.578896	10.882972	10.882972	19.592442	24.280229	0.287559	1.343303	6.578896	10.882972	10.882972	19.592442	24.280229
	0.214102	1.596091	3.561174	3.346867	3.346867	3.310008	3.297999	0.214102	1.596091	3.561174	3.346867	3.346867	3.310008	3.297999	0.214102	1.596091	3.561174	3.346867	3.346867	3.310008	3.297999	0.214102	1.596091	3.561174	3.346867	3.346867	3.310008	3.297999	0.214102	1.596091	3.561174	3.346867	3.346867	3.310008	3.297999	0.214102	1.596091	3.561174	3.346867	3.346867	3.310008	3.297999	0.214102	1.596091	3.561174	3.346867	3.346867	3.310008	3.297999	0.214102	1.596091	3.561174	3.346867	3.346867	3.310008	3.297999	0.214102	1.596091	3.561174	3.346867	3.346867	3.310008	3.297999
	0.287556	1.343288	6.578824	10.882853	10.882853	19.592228	24.279963	0.287556	1.343288	6.578824	10.882853	10.882853	19.592228	24.279963	0.287556	1.343288	6.578824	10.882853	10.882853	19.592228	24.279963	0.287556	1.343288	6.578824	10.882853	10.882853	19.592228	24.279963	0.287556	1.343288	6.578824	10.882853	10.882853	19.592228	24.279963	0.287556	1.343288	6.578824	10.882853	10.882853	19.592228	24.279963	0.287556	1.343288	6.578824	10.882853	10.882853	19.592228	24.279963	0.287556	1.343288	6.578824	10.882853	10.882853	19.592228	24.279963	0.287556	1.343288	6.578824	10.882853	10.882853	19.592228	24.279963
	0.214067	1.595829	3.560590	3.346318	3.346318	3.309465	3.297458	0.214067	1.595829	3.560590	3.346318	3.346318	3.309465	3.297458	0.214067	1.595829	3.560590	3.346318	3.346318	3.309465	3.297458	0.214067	1.595829	3.560590	3.346318	3.346318	3.309465	3.297458	0.214067	1.595829	3.560590	3.346318	3.346318	3.309465	3.297458	0.214067	1.595829	3.560590	3.346318	3.346318	3.309465	3.297458	0.214067	1.595829	3.560590	3.346318	3.346318	3.309465	3.297458	0.214067	1.595829	3.560590	3.346318	3.346318	3.309465	3.297458	0.214067	1.595829	3.560590	3.346318	3.346318	3.309465	3.297458
	0.287553	1.343273	6.578752	10.882734	10.882734	19.592014	24.279698	0.287553	1.343273	6.578752	10.882734	10.882734	19.592014	24.279698	0.287553	1.343273	6.578752	10.882734	10.882734	19.592014	24.279698	0.287553	1.343273	6.578752	10.882734	10.882734	19.592014	24.279698	0.287553	1.343273	6.578752	10.882734	10.882734	19.592014	24.279698	0.287553	1.343273	6.578752	10.882734	10.882734	19.592014	24.279698	0.287553	1.343273	6.578752	10.882734	10.882734	19.592014	24.279698	0.287553	1.343273	6.578752	10.882734	10.882734	19.592014	24.279698	0.287553	1.343273	6.578752	10.882734	10.882734	19.592014	24.279698
	0.214032	1.595568	3.560006	3.345770	3.345770	3.308922	3.296918	0.214032	1.595568	3.560006	3.345770	3.345770	3.308922	3.296918	0.214032	1.595568	3.560006	3.345770	3.345770	3.308922	3.296918	0.214032	1.595568	3.560006	3.345770	3.345770	3.308922	3.296918	0.214032	1.595568	3.560006	3.345770	3.345770	3.308922	3.296918	0.214032	1.595568	3.560006	3.345770	3.345770	3.308922	3.296918	0.214032	1.595568	3.560006	3.345770	3.345770	3.308922	3.296918	0.214032	1.595568	3.560006	3.345770	3.345770	3.308922	3.296918	0.214032	1.595568	3.560006	3.345770	3.345770	3.308922	3.296918
	0.287549	1.343259	6.578680	10.882615	10.882615	19.591800	24.279432	0.287549	1.343259	6.578680	10.882615	10.882615	19.591800	24.279432	0.287549	1.343259	6.578680	10.882615	10.882615	19.591800	24.279432	0.287549	1.343259	6.578680	10.882615	10.882615	19.591800	24.279432	0.287549	1.343259	6.578680	10.882615	10.882615	19.591800	24.279432	0.287549	1.343259	6.578680	10.882615	10.882615	19.591800	24.279432	0.287549	1.343259	6.578680	10.882615	10.882615	19.591800	24.279432	0.287549	1.343259	6.578680	10.882615	10.882615	19.591800	24.279432	0.287549	1.343259	6.578680	10.882615	10.882615	19.591800	24.279432
	0.213997	1.595306	3.559422	3.345221	3.345221	3.308379	3.296377	0.213997	1.595306	3.559422	3.345221	3.345221	3.308379	3.296377	0.213997	1.595306	3.559422	3.345221	3.345221	3.308379	3.296377	0.213997	1.595306	3.559422	3.345221	3.345221	3.308379	3.296377	0.213997	1.595306	3.559422	3.345221	3.345221	3.308379	3.296377	0.213997	1.595306	3.559422	3.345221	3.345221	3.308379	3.296377	0.213997	1.595306	3.559422	3.345221	3.345221	3.308379	3.296377	0.213997	1.595306	3.559422	3.345221	3.345221	3.308379	3.296377	0.213997	1.595306	3.559422	3.345221	3.345221	3.308379	3.296377
	0.287546	1.343244	6.578608	10.882496	10.882496	19.591586	24.279167	0.287546	1.343244	6.578608	10.882496	10.882496	19.591586	24.279167	0.287546	1.343244	6.578608	10.882496	10.882496	19.591586	24.279167	0.287546	1.343244	6.578608	10.882496	10.882496	19.591586	24.279167	0.287546	1.343244	6.578608	10.882496	10.882496	19.591586	24.279167	0.287546	1.343244	6.578608	10.882496	10.882496	19.591586	24.279167	0.287546	1.343244	6.578608	10.882496	10.882496	19.591586	24.279167	0.287546	1.343244	6.578608	10.882496	10.882496	19.591586	24.279167	0.287546	1.343244	6.578608	10.882496	10.882496	19.591586	24.279167
	0.213962	1.595044	3.558838	3.344672	3.344672	3.307837	3.295837	0.213962	1.595044	3.558838	3.344672	3.344672	3.307837	3.295837	0.213962	1.595044	3.558838	3.344672	3.344672	3.307837	3.295837	0.213962	1.595044	3.558838	3.344672	3.344672	3.307837	3.295837	0.213962	1.595044	3.558838	3.344672	3.344672	3.307837	3.295837	0.213962	1.595044	3.558838	3.344672	3.344672	3.307837	3.295837	0.213962	1.595044	3.558838	3.344672	3.344672	3.307837	3.295837	0.213962	1.595044	3.558838	3.344672	3.344672	3.307837	3.295837	0.213962	1.595044	3.558838	3.344672	3.344672	3.307837	3.295837
	0.287543	1.343229	6.578537	10.882377	10.882377	19.591371	24.278902	0.287543	1.343229	6.578537	10.882377	10.882377	19.591371	24.278902	0.287543	1.343229	6.578537	10.882377	10.882377	19.591371	24.278902	0.287543	1.343229	6.578537	10.882377	10.882377	19.591371	24.278902	0.287543	1.343229	6.578537	10.882377	10.882377	19.591371	24.278902	0.287543	1.343229	6.578537	10.882377	10.882377	19.591371	24.278902	0.287543	1.343229	6.578537	10.882377	10.882377	19.591371	24.278902	0.287543	1.343229	6.578537	10.882377	10.882377	19.591371	24.278902	0.287543	1.343229	6.578537	10.882377	10.882377	19.591371	24.278902
	0.213927	1.594783	3.558255	3.344124	3.344124	3.307295	3.295296	0.213927	1.594783	3.558255	3.344124	3.344124	3.307295	3.295296	0.213927	1.594783	3.558255	3.344124	3.344124	3.307295	3.295296	0.213927	1.594783	3.558255	3.344124	3.344124	3.307295	3.295296	0.213927	1.594783	3.558255	3.344124	3.344124	3.307295	3.295296	0.213927	1.594783	3.558255	3.344124	3.344124	3.307295	3.295296	0.213927	1.594783	3.558255	3.344124	3.344124	3.307295	3.295296	0.213927	1.594783	3.558255	3.344124	3.344124	3.307295	3.295296	0.213927	1.594783	3.558255	3.344124	3.344124	3.307295	3.295296
	0.287540	1.343215	6.578465	10.882258	10.882258	19.591157	24.278636	0.287540	1.343215	6.578465	10.882258	10.882258	19.591157	24.278636	0.287540	1.343215	6.578465	10.882258	10.882258	19.591157	24.278636	0.287540	1.343215	6.578465	10.882258	10.882258	19.591157	24.278636	0.287540	1.343215	6.578465	10.882258	10.882258	19.591157	24.278636	0.287540	1.343215	6.578465	10.882258	10.882258	19.591157	24.278636	0.287540	1.343215	6.578465	10.882258	10.882258	19.591157	24.278636	0.287540	1.343215	6.578465	10.882258	10.882258	19.591157	24.278636	0.287540	1.343215	6.578465	10.882258	10.882258	19.591157	24.278636
	0.213892	1.594521	3.557671	3.343576	3.343576	3.306752	3.294756	0.213892	1.594521	3.557671	3.343576	3.343576	3.306752	3.294756	0.213892	1.594521	3.557671	3.343576	3.343576	3.306752	3.294756	0.213892	1.594521	3.557671	3.343576	3.343576	3.306752	3.294756	0.213892	1.594521	3.557671	3.343576	3.343576	3.306752	3.294756	0.213892	1.594521	3.557671	3.343576	3.343576	3.306752	3.294756	0.213892	1.594521	3.557671	3.343576	3.343576	3.306752	3.294756	0.213892	1.594521	3.557671	3.343576	3.343576	3.306752	3.294756	0.213892	1.594521	3.557671	3.343576	3.343576	3.306752	3.294756
	0.285894	1.335527	6.577084	10.882021	10.882021	19.588481	23.188148	0.280924	1.312307	6.572235	10.881695	10.881695	19.581130	21.404928	0.272488	1.272900	6.557305	10.880474	10.880474	19.552962	18.293076	0.260335	1.216130	6.505080	10.875987	10.875987	19.451794	14.332904	0.244050	1.140055	6.313485	10.860033	10.860033	19.127872	10.451082	0.222954	1.041510	5.734466	10.806586	10.806586	18.265464	7.268419	0.195888	0.915073	4.597570	10.645020	10.645020	16.488903	4.920741	0.160615	0.750297	3.225401	10.229618	10.229618	13.770709	3.284740	0.111579	0.521231	2.032528	9.376465	9.376465	10.634343	2.177224
	0.212635	1.585153	3.536769	3.323931	3.323931	3.287324	3.275398	0.208938	1.557592	3.475275	3.266138	3.266138	3.230167	3.218449	0.202664	1.510820	3.370918	3.168061	3.168061	3.133170	3.121804	0.193625	1.443438	3.220578	3.026768	3.026768	2.993434	2.982574	0.181513	1.353144	3.019114	2.837428	2.837428	2.806179	2.795998	0.165823	1.236180	2.758146	2.592164	2.592164	2.563616	2.554316	0.145693	1.086111	2.423313	2.277482	2.277482	2.252400	2.244228	0.119458	0.890536	1.986950	1.867378	1.867378	1.846813	1.840113	0.082987	0.618655	1.380334	1.297267	1.297267	1.282980	1.278326
	0.285891	1.335513	6.577012	10.881902	10.881902	19.588267	23.187895	0.280920	1.312292	6.572163	10.881576	10.881576	19.580916	21.404694	0.272485	1.272886	6.557233	10.880355	10.880355	19.552748	18.292876	0.260332	1.216116	6.505009	10.875868	10.875868	19.451582	14.332748	0.244047	1.140042	6.313416	10.859914	10.859914	19.127663	10.450968	0.222952	1.041498	5.734403	10.806468	10.806468	18.265265	7.268340	0.195886	0.915063	4.597520	10.644904	10.644904	16.488722	4.920688	0.160613	0.750289	3.225366	10.229506	10.229506	13.770558	3.284704	0.111578	0.521225	2.032506	9.376362	9.376362	10.634227	2.177200
	0.212600	1.584893	3.536189	3.323386	3.323386	3.286785	3.274861	0.208904	1.557337	3.474705	3.265602	3.265602	3.229638	3.217921	0.202631	1.510572	3.370365	3.167541	3.167541	3.132657	3.121292	0.193593	1.443202	3.220050	3.026271	3.026271	2.992943	2.982085	0.181483	1.352922	3.018619	2.836963	2.836963	2.805719	2.795540	0.165796	1.235977	2.757693	2.591739	2.591739	2.563196	2.553897	0.145669	1.085933	2.422916	2.277108	2.277108	2.252030	2.243860	0.119438	0.890390	1.986625	1.867072	1.867072	1.846510	1.839811	0.082974	0.618554	1.380108	1.297055	1.297055	1.282770	1.278116
	0.285888	1.335498	6.576940	10.881783	10.881783	19.588053	23.187641	0.280917	1.312278	6.572091	10.881457	10.881457	19.580702	21.404460	0.272482	1.272872	6.557162	10.880236	10.880236	19.552535	18.292676	0.260329	1.216103	6.504938	10.875749	10.875749	19.451369	14.332591	0.244044	1.140030	6.313347	10.859796	10.859796	19.127454	10.450854	0.222950	1.041487	5.734340	10.806350	10.806350	18.265065	7.268260	0.195884	0.915053	4.597470	10.644787	10.644787	16.488542	4.920634	0.160611	0.750280	3.225331	10.229394	10.229394	13.770408	3.284668	0.111577	0.521220	2.032484	9.376260	9.376260	10.634111	2.177177
	0.212565	1.584633	3.535609	3.322841	3.322841	3.286246	3.274324	0.208869	1.557081	3.474136	3.265067	3.265067	3.229108	3.217393	0.202597	1.510324	3.369813	3.167022	3.167022	3.132143	3.120780	0.193562	1.442965	3.219522	3.025775	3.025775	2.992452	2.981596	0.181453	1.352700	3.018124	2.836497	2.836497	2.805259	2.795082	0.165769	1.235775	2.757241	2.591314	2.591314	2.562776	2.553478	0.145645	1.085755	2.422519	2.276735	2.276735	2.251661	2.243492	0.119419	0.890244	1.986299	1.866766	1.866766	1.846207	1.839509	0.082960	0.618452	1.379881	1.296842	1.296842	1.282560	1.277907
	0.285885	1.335483	6.576868	10.881664	10.881664	19.587838	23.187388	0.280914	1.312264	6.572019	10.881338	10.881338	19.580488	21.404226	0.272479	1.272858	6.557090	10.880117	10.880117	19.552321	18.292476	0.260327	1.216090	6.504867	10.875631	10.875631	19.451156	14.332434	0.244042	1.140017	6.313278	10.859677	10.859677	19.127245	10.450740	0.222947	1.041475	5.734277	10.806232	10.806232	18.264865	7.268181	0.195882	0.915043	4.597420	10.644671	10.644671	16.488362	4.920580	0.160610	0.750272	3.225296	10.229282	10.229282	13.770257	3.284632	0.111575	0.521214	2.032461	9.376157	9.376157	10.633994	2.177153
	0.212530	1.584373	3.535029	3.322296	3.322296	3.285707	3.273787	0.208835	1.556826	3.473566	3.264531	3.264531	3.228579	3.216866	0.202564	1.510077	3.369260	3.166503	3.166503	3.131629	3.120268	0.193530	1.442729	3.218994	3.025279	3.025279	2.991961	2.981107	0.181424	1.352478	3.017629	2.836032	2.836032	2.804799	2.794623	0.165742	1.235572	2.756789	2.590889	2.590889	2.562355	2.553059	0.145621	1.085576	2.422122	2.276362	2.276362	2.251292	2.243124	0.119399	0.890098	1.985973	1.866460	1.866460	1.845904	1.839208	0.082947	0.618351	1.379655	1.296629	1.296629	1.282349	1.277697
	0.285882	1.335469	6.576797	10.881546	10.881546	19.587624	23.187134	0.280911	1.312249	6.571947	10.881219	10.881219	19.580274	21.403992	0.272476	1.272844	6.557018	10.879998	10.879998	19.552107	18.292276	0.260324	1.216077	6.504796	10.875512	10.875512	19.450944	14.332278	0.244039	1.140005	6.313209	10.859558	10.859558	19.127036	10.450625	0.222945	1.041464	5.734215	10.806114	10.806114	18.264666	7.268101	0.195880	0.915033	4.597369	10.644555	10.644555	16.488182	4.920526	0.160608	0.750264	3.225260	10.229170	10.229170	13.770107	3.284596	0.111574	0.521208	2.032439	9.376055	9.376055	10.633878	2.177129
	0.212496	1.584113	3.534449	3.321751	3.321751	3.285168	3.273250	0.208801	1.556571	3.472996	3.263996	3.263996	3.228049	3.216338	0.202531	1.509829	3.368708	3.165983	3.165983	3.131116	3.119757	0.193498	1.442492	3.218466	3.024783	3.024783	2.991471	2.980618	0.181394	1.352257	3.017134	2.835567	2.835567	2.804339	2.794165	0.165714	1.235369	2.756337	2.590464	2.590464	2.561935	2.552641	0.145597	1.085398	2.421724	2.275988	2.275988	2.250923	2.242756	0.119380	0.889952	1.985647	1.866154	1.866154	1.845602	1.838906	0.082933	0.618249	1.379429	1.296417	1.296417	1.282139	1.277488
	0.285879	1.335454	6.576725	10.881427	10.881427	19.587410	23.186881	0.280908	1.312235	6.571875	10.881100	10.881100	19.580060	21.403758	0.272473	1.272830	6.556947	10.879879	10.879879	19.551893	18.292076	0.260321	1.216063	6.504725	10.875393	10.875393	19.450731	14.332121	0.244036	1.139992	6.313140	10.859440	10.859440	19.126827	10.450511	0.222942	1.041453	5.734152	10.805996	10.805996	18.264466	7.268022	0.195878	0.915023	4.597319	10.644438	10.644438	16.488001	4.920473	0.160606	0.750256	3.225225	10.229059	10.229059	13.769956	3.284560	0.111573	0.521203	2.032417	9.375952	9.375952	10.633762	2.177105
	0.212461	1.583854	3.533870	3.321206	3.321206	3.284629	3.272713	0.208767	1.556315	3.472427	3.263461	3.263461	3.227520	3.215811	0.202498	1.509582	3.368155	3.165464	3.165464	3.130602	3.119245	0.193467	1.442255	3.217938	3.024287	3.024287	2.990980	2.980129	0.181364	1.352035	3.016639	2.835102	2.835102	2.803879	2.793707	0.165687	1.235167	2.755885	2.590040	2.590040	2.561515	2.552222	0.145573	1.085220	2.421327	2.275615	2.275615	2.250553	2.242389	0.119360	0.889806	1.985322	1.865848	1.865848	1.845299	1.838605	0.082919	0.618148	1.379203	1.296204	1.296204	1.281929	1.277278
	0.285876	1.335440	6.576653	10.881308	10.881308	19.587196	23.186627	0.280905	1.312220	6.571804	10.880981	10.880981	19.579846	21.403525	0.272470	1.272817	6.556875	10.879760	10.879760	19.551680	18.291876	0.260318	1.216050	6.504653	10.875274	10.875274	19.450518	14.331964	0.244034	1.139980	6.313071	10.859321	10.859321	19.126618	10.450397	0.222940	1.041441	5.734089	10.805878	10.805878	18.264266	7.267942	0.195875	0.915013	4.597269	10.644322	10.644322	16.487821	4.920419	0.160604	0.750248	3.225190	10.228947	10.228947	13.769806	3.284524	0.111572	0.521197	2.032395	9.375850	9.375850	10.633646	2.177081
	0.212426	1.583594	3.533290	3.320662	3.320662	3.284091	3.272177	0.208732	1.556060	3.471857	3.262926	3.262926	3.226991	3.215284	0.202465	1.509334	3.367603	3.164945	3.164945	3.130089	3.118734	0.193435	1.442019	3.217410	3.023791	3.023791	2.990490	2.979640	0.181334	1.351813	3.016145	2.834637	2.834637	2.803419	2.793249	0.165660	1.234964	2.755433	2.589615	2.589615	2.561095	2.551804	0.145549	1.085043	2.420930	2.275242	2.275242	2.250184	2.242021	0.119341	0.889660	1.984996	1.865542	1.865542	1.844996	1.838303	0.082906	0.618047	1.378976	1.295991	1.295991	1.281719	1.277069
