																																																															
	0.000000	0.000000	0.000000	0.000000	0.000000	0.000000	0.000000	0.000000	0.000000	0.000000	0.000000	0.000000	0.000000	0.000000	0.000000	0.000000	0.000000	0.000000	0.000000	0.000000	0.000000	0.000000	0.000000	0.000000	0.000000	0.000000	0.000000	0.000000	0.000000	0.000000	0.000000	0.000000	0.000000	0.000000	0.000000	0.000000	0.000000	0.000000	0.000000	0.000000	0.000000	0.000000	0.000000	0.000000	0.000000	0.000000	0.000000	0.000000	0.000000	0.000000	0.000000	0.000000	0.000000	0.000000	0.000000	0.000000	0.000000	0.000000	0.000000	0.000000	0.000000	0.000000	0.000000
	0.046336	0.566580	7.987385	7.359017	7.359017	10.434848	12.518252	0.046336	0.566580	7.987385	7.359017	7.359017	10.434848	12.518252	0.046336	0.566580	7.987385	7.359017	7.359017	10.434848	12.518252	0.046336	0.566580	7.987385	7.359017	7.359017	10.434848	12.518252	0.046336	0.566580	7.987385	7.359017	7.359017	10.434848	12.518252	0.046336	0.566580	7.987385	7.359017	7.359017	10.434848	12.518252	0.046336	0.566580	7.987385	7.359017	7.359017	10.434848	12.518252	0.046336	0.566580	7.987385	7.359017	7.359017	10.434848	12.518252	0.046336	0.566580	7.987385	7.359017	7.359017	10.434848	12.518252
	0.134065	4.281365	10.390346	6.629040	6.629040	7.106747	7.437764	0.134065	4.281365	10.390346	6.629040	6.629040	7.106747	7.437764	0.134065	4.281365	10.390346	6.629040	6.629040	7.106747	7.437764	0.134065	4.281365	10.390346	6.629040	6.629040	7.106747	7.437764	0.134065	4.281365	10.390346	6.629040	6.629040	7.106747	7.437764	0.134065	4.281365	10.390346	6.629040	6.629040	7.106747	7.437764	0.134065	4.281365	10.390346	6.629040	6.629040	7.106747	7.437764	0.134065	4.281365	10.390346	6.629040	6.629040	7.106747	7.437764	0.134065	4.281365	10.390346	6.629040	6.629040	7.106747	7.437764
	0.046335	0.566572	7.987276	7.358916	7.358916	10.434705	12.518080	0.046335	0.566572	7.987276	7.358916	7.358916	10.434705	12.518080	0.046335	0.566572	7.987276	7.358916	7.358916	10.434705	12.518080	0.046335	0.566572	7.987276	7.358916	7.358916	10.434705	12.518080	0.046335	0.566572	7.987276	7.358916	7.358916	10.434705	12.518080	0.046335	0.566572	7.987276	7.358916	7.358916	10.434705	12.518080	0.046335	0.566572	7.987276	7.358916	7.358916	10.434705	12.518080	0.046335	0.566572	7.987276	7.358916	7.358916	10.434705	12.518080	0.046335	0.566572	7.987276	7.358916	7.358916	10.434705	12.518080
	0.134063	4.281306	10.390204	6.628949	6.628949	7.106650	7.437662	0.134063	4.281306	10.390204	6.628949	6.628949	7.106650	7.437662	0.134063	4.281306	10.390204	6.628949	6.628949	7.106650	7.437662	0.134063	4.281306	10.390204	6.628949	6.628949	7.106650	7.437662	0.134063	4.281306	10.390204	6.628949	6.628949	7.106650	7.437662	0.134063	4.281306	10.390204	6.628949	6.628949	7.106650	7.437662	0.134063	4.281306	10.390204	6.628949	6.628949	7.106650	7.437662	0.134063	4.281306	10.390204	6.628949	6.628949	7.106650	7.437662	0.134063	4.281306	10.390204	6.628949	6.628949	7.106650	7.437662
	0.046335	0.566565	7.987166	7.358815	7.358815	10.434562	12.517909	0.046335	0.566565	7.987166	7.358815	7.358815	10.434562	12.517909	0.046335	0.566565	7.987166	7.358815	7.358815	10.434562	12.517909	0.046335	0.566565	7.987166	7.358815	7.358815	10.434562	12.517909	0.046335	0.566565	7.987166	7.358815	7.358815	10.434562	12.517909	0.046335	0.566565	7.987166	7.358815	7.358815	10.434562	12.517909	0.046335	0.566565	7.987166	7.358815	7.358815	10.434562	12.517909	0.046335	0.566565	7.987166	7.358815	7.358815	10.434562	12.517909	0.046335	0.566565	7.987166	7.358815	7.358815	10.434562	12.517909
	0.134061	4.281247	10.390061	6.628859	6.628859	7.106553	7.437560	0.134061	4.281247	10.390061	6.628859	6.628859	7.106553	7.437560	0.134061	4.281247	10.390061	6.628859	6.628859	7.106553	7.437560	0.134061	4.281247	10.390061	6.628859	6.628859	7.106553	7.437560	0.134061	4.281247	10.390061	6.628859	6.628859	7.106553	7.437560	0.134061	4.281247	10.390061	6.628859	6.628859	7.106553	7.437560	0.134061	4.281247	10.390061	6.628859	6.628859	7.106553	7.437560	0.134061	4.281247	10.390061	6.628859	6.628859	7.106553	7.437560	0.134061	4.281247	10.390061	6.628859	6.628859	7.106553	7.437560
	0.046334	0.566557	7.987057	7.358714	7.358714	10.434419	12.517737	0.046334	0.566557	7.987057	7.358714	7.358714	10.434419	12.517737	0.046334	0.566557	7.987057	7.358714	7.358714	10.434419	12.517737	0.046334	0.566557	7.987057	7.358714	7.358714	10.434419	12.517737	0.046334	0.566557	7.987057	7.358714	7.358714	10.434419	12.517737	0.046334	0.566557	7.987057	7.358714	7.358714	10.434419	12.517737	0.046334	0.566557	7.987057	7.358714	7.358714	10.434419	12.517737	0.046334	0.566557	7.987057	7.358714	7.358714	10.434419	12.517737	0.046334	0.566557	7.987057	7.358714	7.358714	10.434419	12.517737
	0.134060	4.281189	10.389919	6.628768	6.628768	7.106455	7.437458	0.134060	4.281189	10.389919	6.628768	6.628768	7.106455	7.437458	0.134060	4.281189	10.389919	6.628768	6.628768	7.106455	7.437458	0.134060	4.281189	10.389919	6.628768	6.628768	7.106455	7.437458	0.134060	4.281189	10.389919	6.628768	6.628768	7.106455	7.437458	0.134060	4.281189	10.389919	6.628768	6.628768	7.106455	7.437458	0.134060	4.281189	10.389919	6.628768	6.628768	7.106455	7.437458	0.134060	4.281189	10.389919	6.628768	6.628768	7.106455	7.437458	0.134060	4.281189	10.389919	6.628768	6.628768	7.106455	7.437458
	0.046333	0.566549	7.986947	7.358613	7.358613	10.434276	12.517566	0.046333	0.566549	7.986947	7.358613	7.358613	10.434276	12.517566	0.046333	0.566549	7.986947	7.358613	7.358613	10.434276	12.517566	0.046333	0.566549	7.986947	7.358613	7.358613	10.434276	12.517566	0.046333	0.566549	7.986947	7.358613	7.358613	10.434276	12.517566	0.046333	0.566549	7.986947	7.358613	7.358613	10.434276	12.517566	0.046333	0.566549	7.986947	7.358613	7.358613	10.434276	12.517566	0.046333	0.566549	7.986947	7.358613	7.358613	10.434276	12.517566	0.046333	0.566549	7.986947	7.358613	7.358613	10.434276	12.517566
	0.134058	4.281130	10.389777	6.628677	6.628677	7.106358	7.437356	0.134058	4.281130	10.389777	6.628677	6.628677	7.106358	7.437356	0.134058	4.281130	10.389777	6.628677	6.628677	7.106358	7.437356	0.134058	4.281130	10.389777	6.628677	6.628677	7.106358	7.437356	0.134058	4.281130	10.389777	6.628677	6.628677	7.106358	7.437356	0.134058	4.281130	10.389777	6.628677	6.628677	7.106358	7.437356	0.134058	4.281130	10.389777	6.628677	6.628677	7.106358	7.437356	0.134058	4.281130	10.389777	6.628677	6.628677	7.106358	7.437356	0.134058	4.281130	10.389777	6.628677	6.628677	7.106358	7.437356
	0.046333	0.566541	7.986838	7.358513	7.358513	10.434133	12.517394	0.046333	0.566541	7.986838	7.358513	7.358513	10.434133	12.517394	0.046333	0.566541	7.986838	7.358513	7.358513	10.434133	12.517394	0.046333	0.566541	7.986838	7.358513	7.358513	10.434133	12.517394	0.046333	0.566541	7.986838	7.358513	7.358513	10.434133	12.517394	0.046333	0.566541	7.986838	7.358513	7.358513	10.434133	12.517394	0.046333	0.566541	7.986838	7.358513	7.358513	10.434133	12.517394	0.046333	0.566541	7.986838	7.358513	7.358513	10.434133	12.517394	0.046333	0.566541	7.986838	7.358513	7.358513	10.434133	12.517394
	0.134056	4.281071	10.389634	6.628586	6.628586	7.106261	7.437254	0.134056	4.281071	10.389634	6.628586	6.628586	7.106261	7.437254	0.134056	4.281071	10.389634	6.628586	6.628586	7.106261	7.437254	0.134056	4.281071	10.389634	6.628586	6.628586	7.106261	7.437254	0.134056	4.281071	10.389634	6.628586	6.628586	7.106261	7.437254	0.134056	4.281071	10.389634	6.628586	6.628586	7.106261	7.437254	0.134056	4.281071	10.389634	6.628586	6.628586	7.106261	7.437254	0.134056	4.281071	10.389634	6.628586	6.628586	7.106261	7.437254	0.134056	4.281071	10.389634	6.628586	6.628586	7.106261	7.437254
	0.046332	0.566534	7.986729	7.358412	7.358412	10.433990	12.517223	0.046332	0.566534	7.986729	7.358412	7.358412	10.433990	12.517223	0.046332	0.566534	7.986729	7.358412	7.358412	10.433990	12.517223	0.046332	0.566534	7.986729	7.358412	7.358412	10.433990	12.517223	0.046332	0.566534	7.986729	7.358412	7.358412	10.433990	12.517223	0.046332	0.566534	7.986729	7.358412	7.358412	10.433990	12.517223	0.046332	0.566534	7.986729	7.358412	7.358412	10.433990	12.517223	0.046332	0.566534	7.986729	7.358412	7.358412	10.433990	12.517223	0.046332	0.566534	7.986729	7.358412	7.358412	10.433990	12.517223
	0.134054	4.281013	10.389492	6.628495	6.628495	7.106163	7.437152	0.134054	4.281013	10.389492	6.628495	6.628495	7.106163	7.437152	0.134054	4.281013	10.389492	6.628495	6.628495	7.106163	7.437152	0.134054	4.281013	10.389492	6.628495	6.628495	7.106163	7.437152	0.134054	4.281013	10.389492	6.628495	6.628495	7.106163	7.437152	0.134054	4.281013	10.389492	6.628495	6.628495	7.106163	7.437152	0.134054	4.281013	10.389492	6.628495	6.628495	7.106163	7.437152	0.134054	4.281013	10.389492	6.628495	6.628495	7.106163	7.437152	0.134054	4.281013	10.389492	6.628495	6.628495	7.106163	7.437152
	0.041698	0.509873	7.837423	7.326282	7.326282	10.278917	9.033767	0.037065	0.453221	7.663018	7.296051	7.296051	10.124573	6.943437	0.032432	0.396568	7.388045	7.237755	7.237755	9.825568	4.686088	0.027799	0.339915	6.872223	7.126608	7.126608	9.270696	2.794645	0.023166	0.283263	5.880038	6.919205	6.919205	8.318632	1.518596	0.018533	0.226610	4.291513	6.547278	6.547278	6.885550	0.778540	0.013899	0.169958	2.530963	5.925559	5.925559	5.103664	0.386463	0.009266	0.113305	1.239877	4.998985	4.998985	3.347830	0.188664	0.004633	0.056653	0.526008	3.829989	3.829989	1.972518	0.091340
	0.120647	3.852859	9.350415	5.965564	5.965564	6.395459	6.693345	0.107242	3.424763	8.311480	5.302724	5.302724	5.684853	5.949640	0.093837	2.996668	7.272545	4.639883	4.639883	4.974246	5.205935	0.080431	2.568573	6.233610	3.977043	3.977043	4.263640	4.462230	0.067026	2.140477	5.194675	3.314202	3.314202	3.553033	3.718525	0.053621	1.712382	4.155740	2.651362	2.651362	2.842426	2.974820	0.040216	1.284286	3.116805	1.988521	1.988521	2.131820	2.231115	0.026810	0.856191	2.077870	1.325681	1.325681	1.421213	1.487410	0.013405	0.428095	1.038935	0.662840	0.662840	0.710607	0.743705
	0.041698	0.509866	7.837316	7.326182	7.326182	10.278777	9.033643	0.037065	0.453214	7.662913	7.295951	7.295951	10.124435	6.943342	0.032432	0.396563	7.387944	7.237656	7.237656	9.825434	4.686024	0.027799	0.339911	6.872129	7.126510	7.126510	9.270569	2.794607	0.023165	0.283259	5.879958	6.919110	6.919110	8.318518	1.518575	0.018532	0.226607	4.291455	6.547189	6.547189	6.885455	0.778530	0.013899	0.169955	2.530928	5.925477	5.925477	5.103594	0.386458	0.009266	0.113304	1.239860	4.998916	4.998916	3.347784	0.188662	0.004633	0.056652	0.526001	3.829937	3.829937	1.972491	0.091339
	0.120645	3.852806	9.350287	5.965482	5.965482	6.395372	6.693254	0.107240	3.424716	8.311366	5.302651	5.302651	5.684775	5.949559	0.093835	2.996627	7.272445	4.639820	4.639820	4.974178	5.205864	0.080430	2.568537	6.233524	3.976988	3.976988	4.263581	4.462169	0.067025	2.140448	5.194604	3.314157	3.314157	3.552984	3.718474	0.053620	1.712358	4.155683	2.651326	2.651326	2.842387	2.974779	0.040215	1.284269	3.116762	1.988494	1.988494	2.131791	2.231085	0.026810	0.856179	2.077841	1.325663	1.325663	1.421194	1.487390	0.013405	0.428090	1.038921	0.662831	0.662831	0.710597	0.743695
	0.041697	0.509859	7.837208	7.326082	7.326082	10.278636	9.033519	0.037064	0.453208	7.662808	7.295851	7.295851	10.124296	6.943247	0.032431	0.396557	7.387843	7.237557	7.237557	9.825299	4.685960	0.027798	0.339906	6.872035	7.126413	7.126413	9.270442	2.794568	0.023165	0.283255	5.879877	6.919015	6.919015	8.318404	1.518554	0.018532	0.226604	4.291396	6.547099	6.547099	6.885361	0.778519	0.013899	0.169953	2.530894	5.925396	5.925396	5.103524	0.386452	0.009266	0.113302	1.239843	4.998848	4.998848	3.347738	0.188659	0.004633	0.056651	0.525994	3.829884	3.829884	1.972464	0.091338
	0.120644	3.852753	9.350159	5.965401	5.965401	6.395284	6.693162	0.107239	3.424670	8.311252	5.302578	5.302578	5.684697	5.949477	0.093834	2.996586	7.272346	4.639756	4.639756	4.974110	5.205793	0.080429	2.568502	6.233439	3.976934	3.976934	4.263523	4.462108	0.067024	2.140418	5.194533	3.314112	3.314112	3.552936	3.718423	0.053619	1.712335	4.155626	2.651289	2.651289	2.842349	2.974739	0.040215	1.284251	3.116720	1.988467	1.988467	2.131761	2.231054	0.026810	0.856167	2.077813	1.325645	1.325645	1.421174	1.487369	0.013405	0.428084	1.038907	0.662822	0.662822	0.710587	0.743685
	0.041697	0.509852	7.837101	7.325981	7.325981	10.278495	9.033396	0.037064	0.453202	7.662703	7.295751	7.295751	10.124157	6.943152	0.032431	0.396552	7.387742	7.237458	7.237458	9.825164	4.685895	0.027798	0.339902	6.871941	7.126315	7.126315	9.270315	2.794530	0.023165	0.283251	5.879797	6.918921	6.918921	8.318290	1.518534	0.018532	0.226601	4.291337	6.547009	6.547009	6.885267	0.778508	0.013899	0.169951	2.530859	5.925315	5.925315	5.103454	0.386447	0.009266	0.113301	1.239826	4.998779	4.998779	3.347692	0.188657	0.004633	0.056650	0.525987	3.829832	3.829832	1.972437	0.091337
	0.120642	3.852700	9.350030	5.965319	5.965319	6.395197	6.693070	0.107237	3.424623	8.311138	5.302506	5.302506	5.684619	5.949396	0.093833	2.996545	7.272246	4.639693	4.639693	4.974042	5.205721	0.080428	2.568467	6.233354	3.976879	3.976879	4.263464	4.462047	0.067023	2.140389	5.194461	3.314066	3.314066	3.552887	3.718372	0.053619	1.712311	4.155569	2.651253	2.651253	2.842310	2.974698	0.040214	1.284233	3.116677	1.988440	1.988440	2.131732	2.231023	0.026809	0.856156	2.077785	1.325626	1.325626	1.421155	1.487349	0.013405	0.428078	1.038892	0.662813	0.662813	0.710577	0.743674
	0.041696	0.509845	7.836994	7.325881	7.325881	10.278354	9.033272	0.037063	0.453196	7.662598	7.295651	7.295651	10.124019	6.943057	0.032430	0.396546	7.387640	7.237359	7.237359	9.825030	4.685831	0.027797	0.339897	6.871847	7.126218	7.126218	9.270188	2.794492	0.023164	0.283247	5.879716	6.918826	6.918826	8.318176	1.518513	0.018532	0.226598	4.291278	6.546920	6.546920	6.885173	0.778498	0.013899	0.169948	2.530824	5.925234	5.925234	5.103384	0.386442	0.009266	0.113299	1.239809	4.998711	4.998711	3.347646	0.188654	0.004633	0.056649	0.525979	3.829779	3.829779	1.972410	0.091335
	0.120640	3.852648	9.349902	5.965237	5.965237	6.395109	6.692979	0.107236	3.424576	8.311024	5.302433	5.302433	5.684541	5.949314	0.093831	2.996504	7.272146	4.639629	4.639629	4.973974	5.205650	0.080427	2.568432	6.233268	3.976825	3.976825	4.263406	4.461986	0.067022	2.140360	5.194390	3.314021	3.314021	3.552838	3.718321	0.053618	1.712288	4.155512	2.651217	2.651217	2.842271	2.974657	0.040213	1.284216	3.116634	1.988412	1.988412	2.131703	2.230993	0.026809	0.856144	2.077756	1.325608	1.325608	1.421135	1.487329	0.013404	0.428072	1.038878	0.662804	0.662804	0.710568	0.743664
	0.041695	0.509838	7.836886	7.325781	7.325781	10.278213	9.033148	0.037063	0.453190	7.662493	7.295551	7.295551	10.123880	6.942962	0.032430	0.396541	7.387539	7.237259	7.237259	9.824895	4.685767	0.027797	0.339892	6.871753	7.126120	7.126120	9.270061	2.794454	0.023164	0.283244	5.879636	6.918731	6.918731	8.318062	1.518492	0.018531	0.226595	4.291219	6.546830	6.546830	6.885078	0.778487	0.013898	0.169946	2.530790	5.925153	5.925153	5.103314	0.386436	0.009266	0.113297	1.239792	4.998642	4.998642	3.347601	0.188651	0.004633	0.056649	0.525972	3.829727	3.829727	1.972383	0.091334
	0.120639	3.852595	9.349774	5.965156	5.965156	6.395021	6.692887	0.107234	3.424529	8.310911	5.302361	5.302361	5.684463	5.949233	0.093830	2.996463	7.272047	4.639565	4.639565	4.973906	5.205579	0.080426	2.568397	6.233183	3.976770	3.976770	4.263348	4.461925	0.067022	2.140330	5.194319	3.313975	3.313975	3.552790	3.718270	0.053617	1.712264	4.155455	2.651180	2.651180	2.842232	2.974616	0.040213	1.284198	3.116591	1.988385	1.988385	2.131674	2.230962	0.026809	0.856132	2.077728	1.325590	1.325590	1.421116	1.487308	0.013404	0.428066	1.038864	0.662795	0.662795	0.710558	0.743654
	0.041695	0.509831	7.836779	7.325680	7.325680	10.278073	9.033025	0.037062	0.453183	7.662388	7.295452	7.295452	10.123741	6.942866	0.032429	0.396535	7.387438	7.237160	7.237160	9.824761	4.685703	0.027797	0.339888	6.871659	7.126022	7.126022	9.269934	2.794415	0.023164	0.283240	5.879555	6.918636	6.918636	8.317948	1.518471	0.018531	0.226592	4.291161	6.546740	6.546740	6.884984	0.778476	0.013898	0.169944	2.530755	5.925072	5.925072	5.103244	0.386431	0.009266	0.113296	1.239775	4.998574	4.998574	3.347555	0.188649	0.004633	0.056648	0.525965	3.829675	3.829675	1.972356	0.091333
	0.120637	3.852542	9.349646	5.965074	5.965074	6.394934	6.692795	0.107233	3.424482	8.310797	5.302288	5.302288	5.684386	5.949151	0.093829	2.996422	7.271947	4.639502	4.639502	4.973837	5.205507	0.080425	2.568361	6.233098	3.976716	3.976716	4.263289	4.461863	0.067021	2.140301	5.194248	3.313930	3.313930	3.552741	3.718220	0.053616	1.712241	4.155398	2.651144	2.651144	2.842193	2.974576	0.040212	1.284181	3.116549	1.988358	1.988358	2.131645	2.230932	0.026808	0.856120	2.077699	1.325572	1.325572	1.421096	1.487288	0.013404	0.428060	1.038850	0.662786	0.662786	0.710548	0.743644
