																																																															
	0.000000	0.000000	0.000000	0.000000	0.000000	0.000000	0.000000	0.000000	0.000000	0.000000	0.000000	0.000000	0.000000	0.000000	0.000000	0.000000	0.000000	0.000000	0.000000	0.000000	0.000000	0.000000	0.000000	0.000000	0.000000	0.000000	0.000000	0.000000	0.000000	0.000000	0.000000	0.000000	0.000000	0.000000	0.000000	0.000000	0.000000	0.000000	0.000000	0.000000	0.000000	0.000000	0.000000	0.000000	0.000000	0.000000	0.000000	0.000000	0.000000	0.000000	0.000000	0.000000	0.000000	0.000000	0.000000	0.000000	0.000000	0.000000	0.000000	0.000000	0.000000	0.000000	0.000000
	0.003320	0.069105	0.387229	0.397407	0.397407	0.512443	0.835227	0.003320	0.069105	0.387229	0.397407	0.397407	0.512443	0.835227	0.003320	0.069105	0.387229	0.397407	0.397407	0.512443	0.835227	0.003320	0.069105	0.387229	0.397407	0.397407	0.512443	0.835227	0.003320	0.069105	0.387229	0.397407	0.397407	0.512443	0.835227	0.003320	0.069105	0.387229	0.397407	0.397407	0.512443	0.835227	0.003320	0.069105	0.387229	0.397407	0.397407	0.512443	0.835227	0.003320	0.069105	0.387229	0.397407	0.397407	0.512443	0.835227	0.003320	0.069105	0.387229	0.397407	0.397407	0.512443	0.835227
	0.003305	0.068781	0.385698	0.396126	0.396126	0.512068	0.834640	0.003305	0.068781	0.385698	0.396126	0.396126	0.512068	0.834640	0.003305	0.068781	0.385698	0.396126	0.396126	0.512068	0.834640	0.003305	0.068781	0.385698	0.396126	0.396126	0.512068	0.834640	0.003305	0.068781	0.385698	0.396126	0.396126	0.512068	0.834640	0.003305	0.068781	0.385698	0.396126	0.396126	0.512068	0.834640	0.003305	0.068781	0.385698	0.396126	0.396126	0.512068	0.834640	0.003305	0.068781	0.385698	0.396126	0.396126	0.512068	0.834640	0.003305	0.068781	0.385698	0.396126	0.396126	0.512068	0.834640
	0.003289	0.068423	0.384031	0.394696	0.394696	0.511643	0.833967	0.003289	0.068423	0.384031	0.394696	0.394696	0.511643	0.833967	0.003289	0.068423	0.384031	0.394696	0.394696	0.511643	0.833967	0.003289	0.068423	0.384031	0.394696	0.394696	0.511643	0.833967	0.003289	0.068423	0.384031	0.394696	0.394696	0.511643	0.833967	0.003289	0.068423	0.384031	0.394696	0.394696	0.511643	0.833967	0.003289	0.068423	0.384031	0.394696	0.394696	0.511643	0.833967	0.003289	0.068423	0.384031	0.394696	0.394696	0.511643	0.833967	0.003289	0.068423	0.384031	0.394696	0.394696	0.511643	0.833967
	0.003272	0.068047	0.382297	0.393183	0.393183	0.511099	0.833138	0.003272	0.068047	0.382297	0.393183	0.393183	0.511099	0.833138	0.003272	0.068047	0.382297	0.393183	0.393183	0.511099	0.833138	0.003272	0.068047	0.382297	0.393183	0.393183	0.511099	0.833138	0.003272	0.068047	0.382297	0.393183	0.393183	0.511099	0.833138	0.003272	0.068047	0.382297	0.393183	0.393183	0.511099	0.833138	0.003272	0.068047	0.382297	0.393183	0.393183	0.511099	0.833138	0.003272	0.068047	0.382297	0.393183	0.393183	0.511099	0.833138	0.003272	0.068047	0.382297	0.393183	0.393183	0.511099	0.833138
	0.003254	0.067637	0.380428	0.391523	0.391523	0.510467	0.832239	0.003254	0.067637	0.380428	0.391523	0.391523	0.510467	0.832239	0.003254	0.067637	0.380428	0.391523	0.391523	0.510467	0.832239	0.003254	0.067637	0.380428	0.391523	0.391523	0.510467	0.832239	0.003254	0.067637	0.380428	0.391523	0.391523	0.510467	0.832239	0.003254	0.067637	0.380428	0.391523	0.391523	0.510467	0.832239	0.003254	0.067637	0.380428	0.391523	0.391523	0.510467	0.832239	0.003254	0.067637	0.380428	0.391523	0.391523	0.510467	0.832239	0.003254	0.067637	0.380428	0.391523	0.391523	0.510467	0.832239
	0.003235	0.067214	0.378528	0.389807	0.389807	0.509783	0.831291	0.003235	0.067214	0.378528	0.389807	0.389807	0.509783	0.831291	0.003235	0.067214	0.378528	0.389807	0.389807	0.509783	0.831291	0.003235	0.067214	0.378528	0.389807	0.389807	0.509783	0.831291	0.003235	0.067214	0.378528	0.389807	0.389807	0.509783	0.831291	0.003235	0.067214	0.378528	0.389807	0.389807	0.509783	0.831291	0.003235	0.067214	0.378528	0.389807	0.389807	0.509783	0.831291	0.003235	0.067214	0.378528	0.389807	0.389807	0.509783	0.831291	0.003235	0.067214	0.378528	0.389807	0.389807	0.509783	0.831291
	0.004586	0.082174	0.201950	0.137879	0.137879	0.236398	0.796434	0.007808	0.138984	0.324825	0.194543	0.194543	0.361820	0.996801	0.010110	0.179562	0.441409	0.241401	0.241401	0.495752	1.013229	0.011490	0.203908	0.570640	0.282398	0.282398	0.654815	0.876003	0.011951	0.212024	0.718210	0.323587	0.323587	0.840147	0.701392	0.011490	0.203908	0.805387	0.371717	0.371717	1.001418	0.557520	0.010110	0.179562	0.710127	0.427356	0.427356	1.034807	0.447842	0.007808	0.138984	0.493325	0.471377	0.471377	0.884769	0.354313	0.004586	0.082174	0.280828	0.462043	0.462043	0.619864	0.260735
	0.004456	0.080360	0.198976	0.136755	0.136755	0.235316	0.778874	0.007576	0.135743	0.319174	0.192496	0.192496	0.360252	0.973879	0.009804	0.175301	0.433069	0.238578	0.238578	0.493847	0.989913	0.011141	0.199036	0.559093	0.278879	0.278879	0.652626	0.856440	0.011587	0.206947	0.702783	0.319341	0.319341	0.837690	0.686575	0.011141	0.199034	0.787524	0.366593	0.366593	0.998693	0.546588	0.009804	0.175297	0.694547	0.421192	0.421192	1.031814	0.439847	0.007575	0.135736	0.483116	0.464355	0.464355	0.881529	0.348792	0.004456	0.080352	0.275698	0.455092	0.455092	0.616435	0.257666
	0.004310	0.078326	0.196007	0.135637	0.135637	0.234192	0.754547	0.007277	0.131571	0.313380	0.190450	0.190450	0.358629	0.933516	0.009350	0.168946	0.424144	0.235730	0.235730	0.491859	0.940325	0.010536	0.190542	0.545663	0.275261	0.275261	0.650273	0.814681	0.010850	0.196564	0.681538	0.314818	0.314818	0.834850	0.654920	0.010325	0.187480	0.754777	0.360764	0.360764	0.995189	0.523237	0.009040	0.164384	0.659548	0.413327	0.413327	1.027662	0.422760	0.006994	0.127426	0.460176	0.453605	0.453605	0.877327	0.336983	0.004129	0.075686	0.264161	0.441539	0.441539	0.612261	0.251086
	0.004172	0.076405	0.193150	0.134544	0.134544	0.232919	0.731494	0.007007	0.127783	0.307827	0.188452	0.188452	0.356847	0.896995	0.008957	0.163318	0.415642	0.232954	0.232954	0.489726	0.895764	0.010024	0.183118	0.533009	0.271741	0.271741	0.647800	0.777745	0.010228	0.187502	0.661896	0.310433	0.310433	0.831903	0.626476	0.009621	0.177354	0.725380	0.355155	0.355155	0.991581	0.502263	0.008362	0.154645	0.628149	0.405853	0.405853	1.023399	0.407417	0.006479	0.120032	0.439613	0.443552	0.443552	0.873015	0.326367	0.003844	0.071534	0.253825	0.429142	0.429142	0.607978	0.245178
	0.004036	0.074516	0.190293	0.133431	0.133431	0.231448	0.709567	0.006752	0.124205	0.302301	0.186423	0.186423	0.354829	0.862839	0.008604	0.158188	0.407237	0.230138	0.230138	0.487342	0.854085	0.009587	0.176481	0.520655	0.268179	0.268179	0.645063	0.743317	0.009718	0.179430	0.643110	0.306015	0.306015	0.828673	0.599896	0.009016	0.168260	0.698181	0.349546	0.349546	0.987632	0.482705	0.007753	0.145715	0.599012	0.398476	0.398476	1.018722	0.393134	0.006023	0.113316	0.420591	0.433789	0.433789	0.868288	0.316473	0.003606	0.067767	0.244274	0.417356	0.417356	0.603296	0.239701
	0.003901	0.072638	0.187427	0.132295	0.132295	0.229799	0.688545	0.006505	0.120755	0.296781	0.184357	0.184357	0.352590	0.830426	0.008273	0.153441	0.398897	0.227276	0.227276	0.484712	0.815211	0.009197	0.170548	0.508545	0.264566	0.264566	0.642059	0.711373	0.009286	0.172318	0.625103	0.301552	0.301552	0.825145	0.575149	0.008517	0.160185	0.673095	0.343923	0.343923	0.983315	0.464560	0.007223	0.137641	0.572169	0.391174	0.391174	1.013585	0.379929	0.005637	0.107348	0.403173	0.424290	0.424290	0.863099	0.307316	0.003434	0.064429	0.235548	0.406151	0.406151	0.598173	0.234693
	0.003767	0.070774	0.184567	0.131145	0.131145	0.227988	0.668286	0.006264	0.117394	0.291296	0.182268	0.182268	0.350139	0.800034	0.007956	0.148968	0.390660	0.224386	0.224386	0.481843	0.779432	0.008833	0.165221	0.496725	0.260927	0.260927	0.638788	0.682169	0.008903	0.166135	0.607931	0.297073	0.297073	0.821311	0.552420	0.008104	0.153164	0.649864	0.338321	0.338321	0.978619	0.447964	0.006780	0.130513	0.547833	0.383994	0.383994	1.007967	0.367904	0.005329	0.102218	0.387508	0.415117	0.415117	0.857424	0.298963	0.003292	0.061572	0.227734	0.395592	0.395592	0.592588	0.230200
	0.003637	0.068944	0.181751	0.129996	0.129996	0.226100	0.649144	0.006030	0.114131	0.285917	0.180187	0.180187	0.347559	0.772133	0.007651	0.144711	0.382627	0.221510	0.221510	0.478806	0.747157	0.008489	0.160367	0.485325	0.257313	0.257313	0.635311	0.656086	0.008552	0.160819	0.591760	0.292643	0.292643	0.817227	0.531967	0.007759	0.147231	0.628714	0.332819	0.332819	0.973595	0.433103	0.006432	0.124410	0.526271	0.377030	0.377030	1.001917	0.357196	0.005078	0.097991	0.373775	0.406386	0.406386	0.851309	0.291513	0.003171	0.059235	0.220924	0.385799	0.385799	0.586590	0.226286
