																																																															
	0.000000	0.000000	0.000000	0.000000	0.000000	0.000000	0.000000	0.000000	0.000000	0.000000	0.000000	0.000000	0.000000	0.000000	0.000000	0.000000	0.000000	0.000000	0.000000	0.000000	0.000000	0.000000	0.000000	0.000000	0.000000	0.000000	0.000000	0.000000	0.000000	0.000000	0.000000	0.000000	0.000000	0.000000	0.000000	0.000000	0.000000	0.000000	0.000000	0.000000	0.000000	0.000000	0.000000	0.000000	0.000000	0.000000	0.000000	0.000000	0.000000	0.000000	0.000000	0.000000	0.000000	0.000000	0.000000	0.000000	0.000000	0.000000	0.000000	0.000000	0.000000	0.000000	0.000000
	0.933205	8.629993	94.385665	61.916472	61.916472	104.809637	97.928280	0.933205	8.629993	94.385665	61.916472	61.916472	104.809637	97.928280	0.933205	8.629993	94.385665	61.916472	61.916472	104.809637	97.928280	0.933205	8.629993	94.385665	61.916472	61.916472	104.809637	97.928280	0.933205	8.629993	94.385665	61.916472	61.916472	104.809637	97.928280	0.933205	8.629993	94.385665	61.916472	61.916472	104.809637	97.928280	0.933205	8.629993	94.385665	61.916472	61.916472	104.809637	97.928280	0.933205	8.629993	94.385665	61.916472	61.916472	104.809637	97.928280	0.933205	8.629993	94.385665	61.916472	61.916472	104.809637	97.928280
	1.518898	36.376033	81.111108	56.204586	56.204586	62.068102	54.747851	1.518898	36.376033	81.111108	56.204586	56.204586	62.068102	54.747851	1.518898	36.376033	81.111108	56.204586	56.204586	62.068102	54.747851	1.518898	36.376033	81.111108	56.204586	56.204586	62.068102	54.747851	1.518898	36.376033	81.111108	56.204586	56.204586	62.068102	54.747851	1.518898	36.376033	81.111108	56.204586	56.204586	62.068102	54.747851	1.518898	36.376033	81.111108	56.204586	56.204586	62.068102	54.747851	1.518898	36.376033	81.111108	56.204586	56.204586	62.068102	54.747851	1.518898	36.376033	81.111108	56.204586	56.204586	62.068102	54.747851
	0.931911	8.618016	94.254643	61.830526	61.830526	105.025974	97.792292	0.931911	8.618016	94.254643	61.830526	61.830526	105.025974	97.792292	0.931911	8.618016	94.254643	61.830526	61.830526	105.025974	97.792292	0.931911	8.618016	94.254643	61.830526	61.830526	105.025974	97.792292	0.931911	8.618016	94.254643	61.830526	61.830526	105.025974	97.792292	0.931911	8.618016	94.254643	61.830526	61.830526	105.025974	97.792292	0.931911	8.618016	94.254643	61.830526	61.830526	105.025974	97.792292	0.931911	8.618016	94.254643	61.830526	61.830526	105.025974	97.792292	0.931911	8.618016	94.254643	61.830526	61.830526	105.025974	97.792292
	1.518266	36.359251	81.069079	56.175710	56.175710	62.184791	54.749477	1.518266	36.359251	81.069079	56.175710	56.175710	62.184791	54.749477	1.518266	36.359251	81.069079	56.175710	56.175710	62.184791	54.749477	1.518266	36.359251	81.069079	56.175710	56.175710	62.184791	54.749477	1.518266	36.359251	81.069079	56.175710	56.175710	62.184791	54.749477	1.518266	36.359251	81.069079	56.175710	56.175710	62.184791	54.749477	1.518266	36.359251	81.069079	56.175710	56.175710	62.184791	54.749477	1.518266	36.359251	81.069079	56.175710	56.175710	62.184791	54.749477	1.518266	36.359251	81.069079	56.175710	56.175710	62.184791	54.749477
	0.930616	8.606040	94.123623	61.744581	61.744581	105.317426	97.656307	0.930616	8.606040	94.123623	61.744581	61.744581	105.317426	97.656307	0.930616	8.606040	94.123623	61.744581	61.744581	105.317426	97.656307	0.930616	8.606040	94.123623	61.744581	61.744581	105.317426	97.656307	0.930616	8.606040	94.123623	61.744581	61.744581	105.317426	97.656307	0.930616	8.606040	94.123623	61.744581	61.744581	105.317426	97.656307	0.930616	8.606040	94.123623	61.744581	61.744581	105.317426	97.656307	0.930616	8.606040	94.123623	61.744581	61.744581	105.317426	97.656307	0.930616	8.606040	94.123623	61.744581	61.744581	105.317426	97.656307
	1.517634	36.342474	81.027061	56.146842	56.146842	62.320830	54.781937	1.517634	36.342474	81.027061	56.146842	56.146842	62.320830	54.781937	1.517634	36.342474	81.027061	56.146842	56.146842	62.320830	54.781937	1.517634	36.342474	81.027061	56.146842	56.146842	62.320830	54.781937	1.517634	36.342474	81.027061	56.146842	56.146842	62.320830	54.781937	1.517634	36.342474	81.027061	56.146842	56.146842	62.320830	54.781937	1.517634	36.342474	81.027061	56.146842	56.146842	62.320830	54.781937	1.517634	36.342474	81.027061	56.146842	56.146842	62.320830	54.781937	1.517634	36.342474	81.027061	56.146842	56.146842	62.320830	54.781937
	0.929321	8.594064	93.992606	61.658638	61.658638	105.519505	97.520324	0.929321	8.594064	93.992606	61.658638	61.658638	105.519505	97.520324	0.929321	8.594064	93.992606	61.658638	61.658638	105.519505	97.520324	0.929321	8.594064	93.992606	61.658638	61.658638	105.519505	97.520324	0.929321	8.594064	93.992606	61.658638	61.658638	105.519505	97.520324	0.929321	8.594064	93.992606	61.658638	61.658638	105.519505	97.520324	0.929321	8.594064	93.992606	61.658638	61.658638	105.519505	97.520324	0.929321	8.594064	93.992606	61.658638	61.658638	105.519505	97.520324	0.929321	8.594064	93.992606	61.658638	61.658638	105.519505	97.520324
	1.517002	36.325702	80.985056	56.117983	56.117983	62.435168	54.791093	1.517002	36.325702	80.985056	56.117983	56.117983	62.435168	54.791093	1.517002	36.325702	80.985056	56.117983	56.117983	62.435168	54.791093	1.517002	36.325702	80.985056	56.117983	56.117983	62.435168	54.791093	1.517002	36.325702	80.985056	56.117983	56.117983	62.435168	54.791093	1.517002	36.325702	80.985056	56.117983	56.117983	62.435168	54.791093	1.517002	36.325702	80.985056	56.117983	56.117983	62.435168	54.791093	1.517002	36.325702	80.985056	56.117983	56.117983	62.435168	54.791093	1.517002	36.325702	80.985056	56.117983	56.117983	62.435168	54.791093
	0.928027	8.582088	93.861591	61.572696	61.572696	105.756581	97.384344	0.928027	8.582088	93.861591	61.572696	61.572696	105.756581	97.384344	0.928027	8.582088	93.861591	61.572696	61.572696	105.756581	97.384344	0.928027	8.582088	93.861591	61.572696	61.572696	105.756581	97.384344	0.928027	8.582088	93.861591	61.572696	61.572696	105.756581	97.384344	0.928027	8.582088	93.861591	61.572696	61.572696	105.756581	97.384344	0.928027	8.582088	93.861591	61.572696	61.572696	105.756581	97.384344	0.928027	8.582088	93.861591	61.572696	61.572696	105.756581	97.384344	0.928027	8.582088	93.861591	61.572696	61.572696	105.756581	97.384344
	1.516371	36.308934	80.943062	56.089132	56.089132	62.555488	54.808361	1.516371	36.308934	80.943062	56.089132	56.089132	62.555488	54.808361	1.516371	36.308934	80.943062	56.089132	56.089132	62.555488	54.808361	1.516371	36.308934	80.943062	56.089132	56.089132	62.555488	54.808361	1.516371	36.308934	80.943062	56.089132	56.089132	62.555488	54.808361	1.516371	36.308934	80.943062	56.089132	56.089132	62.555488	54.808361	1.516371	36.308934	80.943062	56.089132	56.089132	62.555488	54.808361	1.516371	36.308934	80.943062	56.089132	56.089132	62.555488	54.808361	1.516371	36.308934	80.943062	56.089132	56.089132	62.555488	54.808361
	0.926732	8.570112	93.730579	61.486757	61.486757	106.042729	97.248367	0.926732	8.570112	93.730579	61.486757	61.486757	106.042729	97.248367	0.926732	8.570112	93.730579	61.486757	61.486757	106.042729	97.248367	0.926732	8.570112	93.730579	61.486757	61.486757	106.042729	97.248367	0.926732	8.570112	93.730579	61.486757	61.486757	106.042729	97.248367	0.926732	8.570112	93.730579	61.486757	61.486757	106.042729	97.248367	0.926732	8.570112	93.730579	61.486757	61.486757	106.042729	97.248367	0.926732	8.570112	93.730579	61.486757	61.486757	106.042729	97.248367	0.926732	8.570112	93.730579	61.486757	61.486757	106.042729	97.248367
	1.515739	36.292171	80.901081	56.060289	56.060289	62.667147	54.841336	1.515739	36.292171	80.901081	56.060289	56.060289	62.667147	54.841336	1.515739	36.292171	80.901081	56.060289	56.060289	62.667147	54.841336	1.515739	36.292171	80.901081	56.060289	56.060289	62.667147	54.841336	1.515739	36.292171	80.901081	56.060289	56.060289	62.667147	54.841336	1.515739	36.292171	80.901081	56.060289	56.060289	62.667147	54.841336	1.515739	36.292171	80.901081	56.060289	56.060289	62.667147	54.841336	1.515739	36.292171	80.901081	56.060289	56.060289	62.667147	54.841336	1.515739	36.292171	80.901081	56.060289	56.060289	62.667147	54.841336
	0.832894	7.702323	91.851056	61.133558	61.133558	104.723175	70.087650	0.740350	6.846509	89.807107	60.881296	60.881296	103.159329	53.870018	0.647806	5.990695	86.584553	60.394850	60.394850	100.129742	36.356582	0.555263	5.134882	80.539354	59.467392	59.467392	94.507652	21.681996	0.462719	4.279068	68.911393	57.736735	57.736735	84.861121	11.781887	0.370175	3.423254	50.294598	54.633224	54.633224	70.340784	6.172358	0.277631	2.567441	29.661742	49.445334	49.445334	52.286249	3.204369	0.185088	1.711627	14.530793	41.713614	41.713614	34.495647	1.669402	0.092544	0.855814	6.164578	31.959029	31.959029	20.560578	0.808205
	1.363597	32.647872	72.773200	50.428309	50.428309	56.525814	49.389429	1.212087	29.020331	64.687289	44.825164	44.825164	50.267290	43.911983	1.060576	25.392789	56.601378	39.222018	39.222018	44.008764	38.434501	0.909065	21.765248	48.515467	33.618873	33.618873	37.750235	32.956982	0.757554	18.137707	40.429556	28.015727	28.015727	31.491704	27.479425	0.606043	14.510165	32.343644	22.412582	22.412582	25.233171	22.001830	0.454532	10.882624	24.257733	16.809436	16.809436	18.974636	16.524196	0.303022	7.255083	16.171822	11.206291	11.206291	12.699287	11.046521	0.151511	3.627541	8.085911	5.603145	5.603145	6.349666	5.568805
	0.831601	7.690361	91.720077	61.047625	61.047625	104.960723	69.952134	0.739059	6.834561	89.676162	60.795368	60.795368	103.397780	53.734775	0.646516	5.978761	86.453660	60.308930	60.308930	100.369736	36.221634	0.553974	5.122961	80.408560	59.381487	59.381487	94.749718	21.578009	0.461432	4.267161	68.780789	57.650858	57.650858	85.103985	11.664377	0.368889	3.411361	50.164299	54.547398	54.547398	70.576417	6.046421	0.276347	2.555561	29.531781	49.359592	49.359592	52.492251	3.074166	0.183805	1.699762	14.401080	41.627998	41.627998	34.636423	1.537082	0.091262	0.843962	6.035002	31.873573	31.873573	20.611563	0.674851
	1.362988	32.631797	72.733215	50.400825	50.400825	56.642780	49.410346	1.211499	29.004934	64.649276	44.799021	44.799021	50.383559	43.931774	1.060009	25.378071	56.565337	39.197218	39.197218	44.122680	38.452222	0.908520	21.751208	48.481399	33.595414	33.595414	37.859688	32.971315	0.757030	18.124345	40.397460	27.993611	27.993611	31.593963	27.489134	0.605541	14.497482	32.313521	22.391807	22.391807	25.324617	22.006310	0.454052	10.870619	24.229582	16.790004	16.790004	19.032238	16.523157	0.302562	7.243756	16.145644	11.188201	11.188201	12.685154	11.040404	0.151073	3.616892	8.061705	5.586397	5.586397	6.336333	5.558085
	0.830308	7.678399	91.589101	60.961695	60.961695	105.211482	69.816620	0.737767	6.822613	89.545219	60.709442	60.709442	103.657510	53.599534	0.645226	5.966827	86.322770	60.223011	60.223011	100.645618	36.187244	0.552685	5.111041	80.277769	59.295584	59.295584	95.051384	21.751253	0.460144	4.255255	68.650189	57.564983	57.564983	85.412312	11.726254	0.367603	3.399468	50.034003	54.461573	54.461573	70.876770	6.020102	0.275062	2.543682	29.401823	49.273852	49.273852	52.761108	2.994705	0.182522	1.687896	14.271370	41.542385	41.542385	34.834934	1.429644	0.089981	0.832110	5.905429	31.788119	31.788119	20.709516	0.553551
	1.362379	32.615727	72.693241	50.373348	50.373348	56.762159	49.539161	1.210911	28.989542	64.611274	44.772887	44.772887	50.503938	44.066135	1.059443	25.363357	56.529307	39.172425	39.172425	44.243569	38.589289	0.907975	21.737172	48.447341	33.571963	33.571963	37.979960	33.110466	0.756507	18.110987	40.365374	27.971501	27.971501	31.707734	27.626078	0.605039	14.484802	32.283407	22.371039	22.371039	25.363912	22.132505	0.453571	10.858617	24.201440	16.770577	16.770577	19.016399	16.628171	0.302103	7.232432	16.119473	11.170115	11.170115	12.670577	11.114706	0.150635	3.606247	8.037506	5.569653	5.569653	6.322552	5.591481
	0.829015	7.666438	91.458127	60.875766	60.875766	105.387830	69.681109	0.736475	6.810666	89.414279	60.623517	60.623517	103.844879	53.871063	0.643936	5.954893	86.191883	60.137095	60.137095	100.853263	36.433533	0.551396	5.099121	80.146981	59.209682	59.209682	95.292962	21.921064	0.458857	4.243348	68.519591	57.479110	57.479110	85.671359	11.791555	0.366318	3.387576	49.903710	54.375750	54.375750	71.139012	5.997219	0.273778	2.531803	29.271868	49.188114	49.188114	53.006874	2.917023	0.181239	1.676031	14.141662	41.456772	41.456772	35.025656	1.322983	0.088699	0.820258	5.775858	31.702666	31.702666	20.809204	0.432648
	1.361769	32.599661	72.653279	50.345880	50.345880	56.865666	49.660192	1.210323	28.974154	64.573283	44.746759	44.746759	50.612428	44.202759	1.058877	25.348647	56.493288	39.147639	39.147639	44.358616	38.730353	0.907430	21.723139	48.413292	33.548518	33.548518	38.045553	33.255233	0.755984	18.097632	40.333296	27.949397	27.949397	31.695785	27.770273	0.604537	14.472125	32.253301	22.350277	22.350277	25.347060	22.267675	0.453091	10.846618	24.173305	16.751156	16.751156	19.000593	16.743197	0.301644	7.221111	16.093309	11.152035	11.152035	12.656126	11.197801	0.150198	3.595604	8.013314	5.552915	5.552915	6.308943	5.629887
	0.827722	7.654477	91.327156	60.789839	60.789839	105.528364	69.883165	0.735184	6.798718	89.283341	60.537594	60.537594	103.996892	54.119107	0.642646	5.942960	86.060998	60.051180	60.051180	101.026473	36.662248	0.550108	5.087201	80.016195	59.123782	59.123782	95.502024	22.079159	0.457570	4.231442	68.388995	57.393238	57.393238	85.903656	11.849966	0.365032	3.375683	49.773419	54.289929	54.289929	71.377929	5.970700	0.272494	2.519924	29.141915	49.102378	49.102378	53.233922	2.837583	0.179956	1.664166	14.011957	41.371162	41.371162	35.202833	1.215474	0.087418	0.808407	5.646289	31.617214	31.617214	20.900185	0.439584
	1.361160	32.583600	72.613328	50.318419	50.318419	56.958966	49.771464	1.209735	28.958770	64.535303	44.720639	44.720639	50.711543	44.332291	1.058310	25.333941	56.457278	39.122860	39.122860	44.378106	38.865020	0.906885	21.709111	48.379253	33.525080	33.525080	38.028280	33.394323	0.755460	18.084282	40.301228	27.927300	27.927300	31.678426	27.909590	0.604035	14.459452	32.223203	22.329520	22.329520	25.330139	22.398874	0.452610	10.834623	24.145178	16.731740	16.731740	18.984750	16.855257	0.301185	7.209794	16.067153	11.133960	11.133960	12.641666	11.278977	0.149760	3.584964	7.989128	5.536181	5.536181	6.295350	5.667370
	0.826429	7.642517	91.196187	60.703913	60.703913	105.657684	70.076337	0.733892	6.786771	89.152406	60.451673	60.451673	104.138098	54.364655	0.641356	5.931026	85.930116	59.965266	59.965266	101.189615	36.890718	0.548819	5.075281	79.885412	59.037884	59.037884	95.702391	22.238557	0.456283	4.219536	68.258402	57.307368	57.307368	86.132071	11.910032	0.363746	3.363791	49.643131	54.204110	54.204110	71.614424	5.945411	0.271209	2.508046	29.011964	49.016643	49.016643	53.460332	2.758874	0.178673	1.652301	13.882254	41.285553	41.285553	35.380940	1.108335	0.086136	0.796556	5.516723	31.531765	31.531765	20.992817	0.452769
	1.360552	32.567543	72.573389	50.290966	50.290966	57.049199	49.880095	1.209148	28.943391	64.497334	44.694527	44.694527	50.715817	44.461256	1.057745	25.319239	56.421279	39.098088	39.098088	44.361410	38.999408	0.906341	21.695087	48.345225	33.501648	33.501648	38.011119	33.533425	0.754937	18.070935	40.269170	27.905209	27.905209	31.661203	28.049203	0.603534	14.446783	32.193115	22.308770	22.308770	25.313341	22.530628	0.452130	10.822631	24.117060	16.712330	16.712330	18.969045	16.968052	0.300727	7.198479	16.041005	11.115891	11.115891	12.627361	11.360928	0.149323	3.574327	7.964950	5.519452	5.519452	6.281920	5.705405
	0.825136	7.630556	91.065221	60.617989	60.617989	105.783931	70.266992	0.732601	6.774825	89.021473	60.365753	60.365753	104.276379	54.611210	0.640066	5.919093	85.799236	59.879354	59.879354	101.350079	37.119676	0.547530	5.063362	79.754631	58.951987	58.951987	95.900546	22.398041	0.454995	4.207630	68.127812	57.221499	57.221499	86.361810	11.970006	0.362460	3.351899	49.512845	54.118292	54.118292	71.851916	5.920019	0.269925	2.496168	28.882016	48.930910	48.930910	53.687330	2.680099	0.177390	1.640436	13.752553	41.199946	41.199946	35.559245	1.001177	0.084855	0.784705	5.387160	31.446317	31.446317	20.953833	0.465933
	1.359943	32.551491	72.533461	50.263521	50.263521	57.069280	49.987266	1.208561	28.928016	64.459376	44.668422	44.668422	50.701025	44.590360	1.057179	25.304541	56.385291	39.073323	39.073323	44.344934	39.133873	0.905797	21.681067	48.311205	33.478224	33.478224	37.994122	33.672543	0.754415	18.057592	40.237120	27.883124	27.883124	31.644152	28.188774	0.603032	14.434118	32.163035	22.288025	22.288025	25.296685	22.662286	0.451650	10.810643	24.088949	16.692926	16.692926	18.953481	17.080712	0.300268	7.187168	16.014864	11.097826	11.097826	12.613204	11.442734	0.148886	3.563694	7.940779	5.502727	5.502727	6.268636	5.743337
	0.823843	7.618596	90.934258	60.532067	60.532067	105.930862	70.477540	0.731309	6.762878	88.890543	60.279835	60.279835	104.435416	54.877985	0.638776	5.907160	85.668358	59.793444	59.793444	101.531319	37.364134	0.546242	5.051443	79.623852	58.866092	58.866092	96.119297	22.568113	0.453708	4.195725	67.997224	57.135632	57.135632	86.614307	12.036342	0.361174	3.340007	49.382562	54.032476	54.032476	72.109513	5.898049	0.268641	2.484290	28.752070	48.845178	48.845178	53.930769	2.603021	0.176107	1.628572	13.622855	41.114341	41.114341	35.749705	0.990245	0.083573	0.772854	5.274168	31.360870	31.360870	20.854735	0.479493
	1.359335	32.535443	72.493545	50.236084	50.236084	57.059914	50.099649	1.207974	28.912646	64.421429	44.642325	44.642325	50.687133	44.725486	1.056613	25.289848	56.349312	39.048565	39.048565	44.329104	39.273864	0.905252	21.667051	48.277196	33.454806	33.454806	37.977602	33.816654	0.753892	18.044253	40.205080	27.861046	27.861046	31.627506	28.332711	0.602531	14.421456	32.132963	22.267286	22.267286	25.280358	22.797550	0.451170	10.798658	24.060847	16.673527	16.673527	18.938222	17.196102	0.299810	7.175861	15.988731	11.079767	11.079767	12.599341	11.526326	0.148449	3.553063	7.950726	5.486008	5.486008	6.255623	5.782145
