																																																															
	0.000000	0.000000	0.000000	0.000000	0.000000	0.000000	0.000000	0.000000	0.000000	0.000000	0.000000	0.000000	0.000000	0.000000	0.000000	0.000000	0.000000	0.000000	0.000000	0.000000	0.000000	0.000000	0.000000	0.000000	0.000000	0.000000	0.000000	0.000000	0.000000	0.000000	0.000000	0.000000	0.000000	0.000000	0.000000	0.000000	0.000000	0.000000	0.000000	0.000000	0.000000	0.000000	0.000000	0.000000	0.000000	0.000000	0.000000	0.000000	0.000000	0.000000	0.000000	0.000000	0.000000	0.000000	0.000000	0.000000	0.000000	0.000000	0.000000	0.000000	0.000000	0.000000	0.000000
	0.000284	0.006702	0.032373	0.022851	0.022851	0.014947	0.010428	0.000284	0.006702	0.032373	0.022851	0.022851	0.014947	0.010428	0.000284	0.006702	0.032373	0.022851	0.022851	0.014947	0.010428	0.000284	0.006702	0.032373	0.022851	0.022851	0.014947	0.010428	0.000284	0.006702	0.032373	0.022851	0.022851	0.014947	0.010428	0.000284	0.006702	0.032373	0.022851	0.022851	0.014947	0.010428	0.000284	0.006702	0.032373	0.022851	0.022851	0.014947	0.010428	0.000284	0.006702	0.032373	0.022851	0.022851	0.014947	0.010428	0.000284	0.006702	0.032373	0.022851	0.022851	0.014947	0.010428
	0.000290	0.006832	0.032898	0.023319	0.023319	0.015080	0.010683	0.000290	0.006832	0.032898	0.023319	0.023319	0.015080	0.010683	0.000290	0.006832	0.032898	0.023319	0.023319	0.015080	0.010683	0.000290	0.006832	0.032898	0.023319	0.023319	0.015080	0.010683	0.000290	0.006832	0.032898	0.023319	0.023319	0.015080	0.010683	0.000290	0.006832	0.032898	0.023319	0.023319	0.015080	0.010683	0.000290	0.006832	0.032898	0.023319	0.023319	0.015080	0.010683	0.000290	0.006832	0.032898	0.023319	0.023319	0.015080	0.010683	0.000290	0.006832	0.032898	0.023319	0.023319	0.015080	0.010683
	0.000296	0.006973	0.033455	0.023830	0.023830	0.015227	0.010970	0.000296	0.006973	0.033455	0.023830	0.023830	0.015227	0.010970	0.000296	0.006973	0.033455	0.023830	0.023830	0.015227	0.010970	0.000296	0.006973	0.033455	0.023830	0.023830	0.015227	0.010970	0.000296	0.006973	0.033455	0.023830	0.023830	0.015227	0.010970	0.000296	0.006973	0.033455	0.023830	0.023830	0.015227	0.010970	0.000296	0.006973	0.033455	0.023830	0.023830	0.015227	0.010970	0.000296	0.006973	0.033455	0.023830	0.023830	0.015227	0.010970	0.000296	0.006973	0.033455	0.023830	0.023830	0.015227	0.010970
	0.000303	0.007118	0.034016	0.024357	0.024357	0.015422	0.011324	0.000303	0.007118	0.034016	0.024357	0.024357	0.015422	0.011324	0.000303	0.007118	0.034016	0.024357	0.024357	0.015422	0.011324	0.000303	0.007118	0.034016	0.024357	0.024357	0.015422	0.011324	0.000303	0.007118	0.034016	0.024357	0.024357	0.015422	0.011324	0.000303	0.007118	0.034016	0.024357	0.024357	0.015422	0.011324	0.000303	0.007118	0.034016	0.024357	0.024357	0.015422	0.011324	0.000303	0.007118	0.034016	0.024357	0.024357	0.015422	0.011324	0.000303	0.007118	0.034016	0.024357	0.024357	0.015422	0.011324
	0.000309	0.007272	0.034599	0.024920	0.024920	0.015645	0.011700	0.000309	0.007272	0.034599	0.024920	0.024920	0.015645	0.011700	0.000309	0.007272	0.034599	0.024920	0.024920	0.015645	0.011700	0.000309	0.007272	0.034599	0.024920	0.024920	0.015645	0.011700	0.000309	0.007272	0.034599	0.024920	0.024920	0.015645	0.011700	0.000309	0.007272	0.034599	0.024920	0.024920	0.015645	0.011700	0.000309	0.007272	0.034599	0.024920	0.024920	0.015645	0.011700	0.000309	0.007272	0.034599	0.024920	0.024920	0.015645	0.011700	0.000309	0.007272	0.034599	0.024920	0.024920	0.015645	0.011700
	0.000316	0.007427	0.035168	0.025485	0.025485	0.015885	0.012092	0.000316	0.007427	0.035168	0.025485	0.025485	0.015885	0.012092	0.000316	0.007427	0.035168	0.025485	0.025485	0.015885	0.012092	0.000316	0.007427	0.035168	0.025485	0.025485	0.015885	0.012092	0.000316	0.007427	0.035168	0.025485	0.025485	0.015885	0.012092	0.000316	0.007427	0.035168	0.025485	0.025485	0.015885	0.012092	0.000316	0.007427	0.035168	0.025485	0.025485	0.015885	0.012092	0.000316	0.007427	0.035168	0.025485	0.025485	0.015885	0.012092	0.000316	0.007427	0.035168	0.025485	0.025485	0.015885	0.012092
	0.000098	0.002299	0.010718	0.007915	0.007915	0.004841	0.003904	0.000098	0.002299	0.010718	0.007915	0.007915	0.004838	0.003900	0.000098	0.002299	0.010718	0.007915	0.007915	0.004835	0.003897	0.000098	0.002299	0.010718	0.007915	0.007915	0.004830	0.003893	0.000098	0.002299	0.010718	0.007915	0.007915	0.004824	0.003889	0.000098	0.002299	0.010718	0.007915	0.007915	0.004816	0.003828	0.000098	0.002299	0.010718	0.007915	0.007915	0.004808	0.003799	0.000098	0.002299	0.010718	0.007915	0.007915	0.004800	0.003785	0.000098	0.002299	0.010718	0.007915	0.007915	0.004793	0.003777
	0.000175	0.003331	0.012284	0.008454	0.008454	0.005468	0.013852	0.000235	0.004149	0.013756	0.008940	0.008940	0.005753	0.016897	0.000278	0.004734	0.015249	0.009348	0.009348	0.005952	0.017104	0.000304	0.005084	0.017052	0.009718	0.009718	0.006121	0.014945	0.000312	0.005201	0.019253	0.010107	0.010107	0.006280	0.012222	0.000304	0.005084	0.020646	0.010579	0.010579	0.006435	0.009938	0.000278	0.004733	0.019363	0.011142	0.011142	0.006581	0.008235	0.000235	0.004149	0.016336	0.011609	0.011609	0.006704	0.006813	0.000175	0.003331	0.013492	0.011580	0.011580	0.006787	0.005415
	0.000260	0.004477	0.013826	0.008980	0.008980	0.006112	0.027596	0.000409	0.006510	0.016831	0.009948	0.009948	0.006690	0.039483	0.000543	0.008333	0.020038	0.010774	0.010774	0.007105	0.044820	0.000657	0.009897	0.024331	0.011545	0.011545	0.007488	0.038238	0.000743	0.011084	0.030870	0.012409	0.012409	0.007933	0.029785	0.000780	0.011627	0.038634	0.013568	0.013568	0.008470	0.022813	0.000723	0.010908	0.038552	0.015201	0.015201	0.008978	0.017579	0.000574	0.008841	0.028802	0.017183	0.017183	0.009114	0.013193	0.000364	0.005946	0.019642	0.018616	0.018616	0.009158	0.008863
	0.000339	0.005549	0.015288	0.009484	0.009484	0.006834	0.040297	0.000565	0.008628	0.019738	0.010916	0.010916	0.007710	0.059796	0.000770	0.011479	0.024539	0.012142	0.012142	0.008332	0.069129	0.000952	0.014038	0.031093	0.013297	0.013297	0.008917	0.058657	0.001100	0.016122	0.041436	0.014607	0.014607	0.009642	0.045169	0.001183	0.017234	0.054430	0.016400	0.016400	0.010566	0.034075	0.001110	0.016284	0.055293	0.018995	0.018995	0.011446	0.025744	0.000867	0.012912	0.039658	0.022295	0.022295	0.011590	0.018766	0.000526	0.008215	0.024984	0.024895	0.024895	0.011585	0.011864
	0.000417	0.006591	0.016724	0.009987	0.009987	0.007660	0.052453	0.000711	0.010605	0.022586	0.011881	0.011881	0.008854	0.078691	0.000971	0.014307	0.028921	0.013505	0.013505	0.009689	0.091153	0.001200	0.017678	0.037591	0.015039	0.015039	0.010480	0.077143	0.001387	0.020517	0.051357	0.016784	0.016784	0.011493	0.059075	0.001521	0.022142	0.068678	0.019183	0.019183	0.012828	0.044226	0.001449	0.021068	0.070304	0.022669	0.022669	0.014112	0.033081	0.001120	0.016501	0.049348	0.027146	0.027146	0.014262	0.023770	0.000657	0.010209	0.029732	0.030683	0.030683	0.014196	0.014532
	0.000493	0.007614	0.018139	0.010486	0.010486	0.008574	0.064057	0.000850	0.012487	0.025383	0.012844	0.012844	0.010109	0.096163	0.001157	0.016884	0.033195	0.014865	0.014865	0.011169	0.110900	0.001418	0.020873	0.043848	0.016773	0.016773	0.012178	0.093698	0.001626	0.024301	0.060672	0.018943	0.018943	0.013490	0.071502	0.001793	0.026370	0.081441	0.021917	0.021917	0.015268	0.053256	0.001735	0.025240	0.083562	0.026226	0.026226	0.016996	0.039577	0.001328	0.019576	0.057843	0.031741	0.031741	0.017152	0.028195	0.000750	0.011911	0.033868	0.035988	0.035988	0.017012	0.016851
	0.000568	0.008614	0.019520	0.010979	0.010979	0.009568	0.074986	0.000985	0.014293	0.028107	0.013795	0.013795	0.011467	0.112039	0.001333	0.019274	0.037336	0.016207	0.016207	0.012767	0.128185	0.001618	0.023689	0.049833	0.018482	0.018482	0.014006	0.108166	0.001834	0.027512	0.069348	0.021062	0.021062	0.015635	0.082337	0.002013	0.029923	0.092866	0.024581	0.024581	0.017886	0.061090	0.001965	0.028762	0.094963	0.029638	0.029638	0.020101	0.045180	0.001488	0.022108	0.065080	0.036044	0.036044	0.020264	0.032007	0.000824	0.013304	0.037360	0.040776	0.040776	0.020034	0.018807
	0.000640	0.009582	0.020846	0.011455	0.011455	0.010589	0.085058	0.001113	0.016019	0.030719	0.014717	0.014717	0.012880	0.126087	0.001500	0.021510	0.041285	0.017510	0.017510	0.014439	0.142801	0.001804	0.026204	0.055475	0.020137	0.020137	0.015925	0.120375	0.002022	0.030200	0.077304	0.023107	0.023107	0.017890	0.091457	0.002192	0.032812	0.102863	0.027131	0.027131	0.020647	0.067650	0.002139	0.031618	0.104417	0.032855	0.032855	0.023392	0.049843	0.001614	0.024091	0.071013	0.039996	0.039996	0.023562	0.035173	0.000886	0.014385	0.040191	0.044992	0.044992	0.023225	0.020390
