2200 2200 2200 2200 2200 2200 2200 2200 2200 2200 2200 2200 2200 2200 2200 2200 2200 2200 2200 2200 2200 2200 2200 2200 2200 2200 2200 2200 2200 2200 2200 2200 2200 2200 2200 2200 2200 2200 2038 2200 2200 2200 2200 2200 2200 2200 2200 2200 2200 2200 2200 2200 2200 2200 2200 2200 2200 2200 2200 2200 2200 2200 2200 2200 2200 2200 2200 2200 2200 2200 2200 2200 2200 2200 2200 2200 2200 2200 2200 2200 2200 2200 2200 2200 
2200 2200 2200 2200 2200 2200 2200 2200 2200 2200 2200 2200 2200 2200 2200 2200 2200 2200 2200 2200 2200 2200 2200 2200 2200 2200 2200 2200 2200 2200 2200 2200 2200 2200 2200 2200 2200 2039 2037 2033 2200 2200 2200 2200 2200 2200 2200 2200 2200 2200 2200 2200 2200 2200 2200 2200 2200 2200 2200 2200 2200 2200 2200 2200 2200 2200 2200 2200 2200 2200 2200 2200 2200 2200 2200 2200 2200 2200 2200 2200 2200 2200 2200 2200 
2200 2200 2200 2200 2200 2200 2200 2200 2200 2200 2200 2200 2200 2200 2200 2200 2200 2200 2200 2200 2200 2200 2200 2200 2200 2200 2200 2200 2200 2200 2200 2200 2200 2200 2200 2039 2039 2037 2032 2028 2028 2022 2016 2200 2200 2200 2200 2200 2200 2200 2200 2200 2200 2200 2200 2200 2200 2200 2200 2200 2200 2200 2200 2200 2200 2200 2200 2200 2200 2200 2200 2200 2200 2200 2200 2200 2200 2200 2200 2200 2200 2200 2200 2200 
2200 2200 2200 2200 2200 2200 2200 2200 2200 2200 2200 2200 2200 2200 2200 2200 2200 2200 2200 2200 2200 2200 2200 2200 2200 2200 2200 2200 2200 2200 2200 2200 2200 2200 2040 2037 2034 2031 2026 2022 2019 2016 2012 2008 2200 2200 2200 2200 2200 2200 2200 2200 2200 2200 2200 2200 2200 2200 2200 2200 2200 2200 2200 2200 2200 2200 2200 2200 2200 2200 2200 2200 2200 2200 2200 2200 2200 2200 2200 2200 2200 2200 2200 2200 
2200 2200 2200 2200 2200 2200 2200 2200 2200 2200 2200 2200 2200 2200 2200 2200 2200 2200 2102 2097 2088 2080 2076 2077 2077 2075 2200 2061 2053 2050 2045 2041 2040 2036 2035 2035 2027 2024 2020 2015 2014 2011 2007 2005 2200 2200 2200 2200 2200 2200 2200 2200 2200 2200 2200 2200 2200 2200 2200 2200 2200 2200 2200 2200 2200 2200 2200 2200 2200 2200 2200 2200 2200 2200 2200 2200 2200 2200 2200 2200 2200 2200 2200 2200 
2200 2200 2200 2200 2200 2200 2200 2200 2200 2200 2200 2200 2200 2200 2200 2200 2200 2101 2098 2095 2085 2076 2074 2074 2076 2074 2068 2060 2053 2049 2047 2043 2038 2029 2027 2027 2018 2015 2013 2009 2008 2006 2003 2003 2200 2200 2200 2200 2200 2200 2200 2200 2200 2200 2200 2200 2200 2200 2200 2200 2200 2200 2200 2200 2200 2200 2200 2200 2200 2200 2200 2200 2200 2200 2200 2200 2200 2200 2200 2200 2200 2200 2200 2200 
2200 2200 2200 2200 2200 2200 2200 2200 2200 2200 2200 2200 2200 2200 2200 2200 2200 2091 2088 2088 2077 2073 2071 2074 2071 2070 2064 2055 2049 2046 2044 2042 2036 2027 2016 2015 2010 2009 2006 2004 2004 2002 2001 2002 2003 2200 2200 2200 2200 2200 2200 2200 2200 2200 2200 2200 2200 2200 2200 2200 2200 2200 2200 2200 2200 2200 2200 2200 2200 2200 2200 2200 2200 2200 2200 2200 2200 2200 2200 2200 2200 2200 2200 2200 
2200 2200 2200 2200 2200 2200 2200 2200 2200 2200 2200 2200 2200 2200 2200 2200 2068 2071 2075 2074 2070 2068 2072 2074 2071 2064 2058 2052 2044 2042 2036 2035 2032 2027 2018 2008 2005 2004 2001 2000 1999 1999 2001 2002 2004 2200 2005 2200 2008 2200 2200 2200 2200 2200 2200 2200 2200 2200 2200 2200 2200 2200 2200 2200 2200 2200 2200 2200 2200 2200 2200 2200 2200 2200 2200 2200 2200 2200 2200 2200 2200 2200 2200 2200 
2200 2200 2200 2200 2200 2200 2200 2200 2200 2200 2200 2200 2200 2200 2200 2200 2200 2053 2054 2057 2055 2057 2066 2069 2065 2054 2045 2043 2037 2033 2025 2030 2027 2027 2016 2007 2003 2000 1998 1997 1998 2001 2003 2004 2005 2005 2003 2005 2007 2200 2200 2200 2200 2200 2200 2200 2200 2200 2200 2200 2200 2200 2200 2200 2200 2200 2200 2200 2200 2200 2200 2200 2200 2200 2200 2200 2200 2200 2200 2200 2200 2200 2200 2200 
2200 2200 2200 2200 2200 2200 2200 2200 2200 2200 2200 2200 2200 2200 2200 2200 2041 2042 2042 2043 2040 2047 2058 2055 2048 2044 2035 2027 2018 2011 2017 2021 2021 2019 2010 2004 2000 1998 1995 1997 2002 2004 2004 2004 2004 2002 2000 2002 2003 2200 2200 2200 2200 2200 2200 2200 2200 2200 2200 2200 2200 2200 2200 2200 2200 2200 2200 2200 2200 2200 2200 2200 2200 2200 2200 2200 2200 2200 2200 2200 2200 2200 2200 2200 
2200 2200 2200 2200 2200 2200 2200 2200 2200 2200 2200 2200 2200 2200 2200 2028 2032 2031 2030 2030 2027 2039 2041 2040 2034 2029 2018 2012 2005 1999 2006 2008 2010 2009 2006 2001 1997 1994 1994 1998 2002 2004 2006 2003 2003 1999 1998 2000 2002 2004 2002 2200 2200 2200 2200 2200 2200 2200 2200 2200 2200 2200 2200 2200 2200 2200 2200 2200 2200 2200 2200 2200 2200 2200 2200 2200 2200 2200 2200 2200 2200 2200 2200 2200 
2200 2200 2200 2200 2200 2200 2200 2200 2200 2200 2200 2200 2200 2200 2014 2018 2021 2020 2019 2019 2018 2026 2026 2023 2021 2015 2008 1999 1995 1994 1996 1997 1999 2002 2001 1999 1995 1991 1995 1997 2001 2002 2001 1999 1997 1997 1996 1998 2000 2001 2000 2200 2200 2200 2200 2200 2200 2200 2200 2200 2200 2200 2200 2200 2200 2200 2200 2200 2200 2200 2200 2200 2200 2200 2200 2200 2200 2200 2200 2200 2200 2200 2200 2200 
2200 2200 2200 2200 2200 2200 2200 2200 2200 2200 2200 2200 2200 2001 2006 2011 2011 2014 2012 2007 2013 2013 2010 2009 2009 2004 1999 1993 1990 1990 1990 1991 1993 1996 1999 1995 1992 1989 1993 1997 1993 1993 1993 1993 1994 1994 1994 1995 1997 1998 1999 2000 2200 2000 2200 2200 2200 2200 2200 2200 2200 2200 2200 2200 2200 2200 2200 2200 2200 2200 2200 2200 2200 2200 2200 2200 2200 2200 2200 2200 2200 2200 2200 2200 
2200 2200 2200 2200 2200 2200 2200 2200 2200 2200 2200 2200 2200 1995 1998 2001 2000 2006 2004 1998 2004 2001 1998 1999 1998 1993 1990 1987 1985 1985 1985 1988 1992 1998 1999 1994 1993 1988 1994 1991 1989 1991 1992 1993 1992 1992 1993 1994 1995 1997 2001 2002 2001 2000 2200 2200 2200 2200 2200 2200 2200 2200 2200 2200 2200 2200 2200 2200 2200 2200 2200 2200 2200 2200 2200 2200 2200 2200 2200 2200 2200 2200 2200 2200 
2200 2200 2200 2200 2200 2200 2200 2200 2200 2200 2200 2200 1989 1990 1991 1993 1994 1998 1994 1992 1994 1992 1989 1989 1989 1985 1983 1981 1981 1981 1983 1986 1990 1994 1996 1994 1987 1986 1989 1988 1992 1994 1997 1997 1994 1993 1993 1994 1996 1999 2001 2000 1999 2001 2003 2007 2013 2200 2200 2200 2200 2200 2200 2200 2200 2200 2200 2200 2200 2200 2200 2200 2200 2200 2200 2200 2200 2200 2200 2200 2200 2200 2200 2200 
2200 2200 2200 2200 2200 2200 2200 2200 2200 2200 2200 2200 2200 1986 1986 1987 1987 1987 1986 1987 1989 1984 1982 1982 1982 1980 1977 1976 1976 1979 1981 1984 1988 1992 1994 1985 1984 1985 1986 1990 1996 2000 1999 1996 1995 1993 1994 1995 1995 1997 1998 1998 1999 2001 2003 2007 2014 2018 2200 2200 2200 2200 2200 2200 2200 2200 2200 2200 2200 2200 2200 2200 2200 2200 2200 2200 2200 2200 2200 2200 2200 2200 2200 2200 
2200 2200 2200 2200 2200 2200 2200 2200 2200 2200 2200 2200 1984 1983 1982 1981 1982 1980 1979 1982 1983 1979 1977 1977 1976 1973 1970 1968 1969 1974 1979 1984 1986 1982 1982 1983 1985 1988 1991 1995 2001 2004 1999 1996 1994 1996 1998 2000 1997 1995 1996 1998 1999 2001 2005 2010 2015 2200 2200 2200 2200 2200 2200 2200 2200 2200 2200 2200 2200 2200 2200 2200 2200 2200 2200 2200 2200 2200 2200 2200 2200 2200 2200 2200 
2200 2200 2200 2200 2200 2200 2200 2200 2200 2200 2200 2200 2200 1979 1975 1974 1978 1972 1973 1979 1979 1976 1974 1972 1970 1966 1964 1965 1967 1971 1973 1977 1977 1982 1987 1987 1989 1994 1996 1999 2002 2001 1998 1997 1998 2000 2003 2002 1999 1997 1997 1999 2001 2003 2007 2200 2200 2200 2200 2200 2200 2200 2200 2200 2200 2200 2200 2200 2200 2200 2200 2200 2200 2200 2200 2200 2200 2200 2200 2200 2200 2200 2200 2200 
2200 2200 2200 2200 2200 2200 2200 2200 2200 2200 2200 2200 1978 1977 1970 1970 1973 1966 1974 1977 1977 1975 1972 1970 1965 1961 1960 1959 1964 1969 1973 1975 1982 1988 1991 1993 1993 1997 2000 2001 2001 1999 1998 2001 2003 2003 2005 2001 2002 2001 1999 1999 2002 2005 2009 2200 2200 2200 2200 2200 2200 2200 2200 2200 2200 2200 2200 2200 2200 2200 2200 2200 2200 2200 2200 2200 2200 2200 2200 2200 2200 2200 2200 2200 
2200 2200 2200 2200 2200 2200 2200 2200 2200 2200 2200 1969 1970 1969 1964 1961 1963 1962 1970 1974 1977 1976 1971 1967 1964 1958 1958 1963 1969 1974 1981 1981 1984 1989 1989 1991 1994 1999 2001 2001 2002 2000 2000 2003 2005 2009 2010 2005 2004 2003 2001 2001 2002 2006 2007 2200 2200 2200 2200 2200 2200 2200 2200 2200 2200 2200 2200 2200 2200 2200 2200 2200 2200 2200 2200 2200 2200 2200 2200 2200 2200 2200 2200 2200 
2200 2200 2200 2200 2200 2200 2200 2200 2200 1955 1957 1961 1960 1956 1950 1951 1952 1953 1962 1972 1973 1969 1969 1963 1957 1953 1959 1966 1974 1980 1986 1984 1982 1984 1988 1992 1993 1995 1998 2000 2003 2001 2001 2005 2009 2015 2013 2009 2007 2004 2003 2004 2002 2004 2007 2200 2200 2200 2200 2200 2200 2200 2200 2200 2200 2200 2200 2200 2200 2200 2200 2200 2200 2200 2200 2200 2200 2200 2200 2200 2200 2200 2200 2200 
2200 2200 2200 2200 2200 2200 2200 1963 1957 1954 1951 1952 1950 1946 1941 1942 1941 1947 1955 1963 1963 1959 1957 1954 1951 1955 1959 1967 1975 1979 1983 1984 1986 1989 1994 1998 1997 1999 2000 2003 2006 2005 2006 2010 2011 2013 2011 2009 2008 2200 2200 2003 2002 2004 2200 2200 2200 2200 2200 2200 2200 2200 2200 2200 2200 2200 2200 2200 2200 2200 2200 2200 2200 2200 2200 2200 2200 2200 2200 2200 2200 2200 2200 2200 
2200 2200 2200 2200 2200 2200 2200 1962 1955 1949 1948 1943 1942 1938 1934 1935 1936 1940 1946 1949 1951 1950 1947 1952 1954 1958 1961 1968 1975 1977 1980 1984 1988 1992 1994 1994 1994 1996 1998 2002 2005 2010 2015 2017 2015 2015 2200 2200 2200 2200 2200 2200 2003 2200 2200 2200 2200 2200 2200 2200 2200 2200 2200 2200 2200 2200 2200 2200 2200 2200 2200 2200 2200 2200 2200 2200 2200 2200 2200 2200 2200 2200 2200 2200 
2200 2200 2200 2200 2200 2200 1958 1955 1950 1945 1940 1933 1931 1930 1928 1928 1932 1935 1937 1942 1943 1945 1951 1953 1958 1962 1962 1968 1973 1977 1981 1984 1985 1988 1990 1992 1994 1996 2000 2005 2010 2015 2020 2019 2200 2200 2200 2200 2200 2200 2200 2200 2200 2200 2200 2200 2200 2200 2200 2200 2200 2200 2200 2200 2200 2200 2200 2200 2200 2200 2200 2200 2200 2200 2200 2200 2200 2200 2200 2200 2200 2200 2200 2200 
2200 2200 2200 2200 2200 1951 1949 1947 1944 1939 1933 1928 1924 1922 1921 1921 1924 1928 1935 1940 1942 1946 1950 1956 1959 1963 1966 1970 1975 1978 1983 1987 1991 1991 1993 1994 1997 1999 2004 2009 2010 2014 2018 2017 2200 2200 2200 2200 2200 2200 2200 2200 2200 2200 2200 2200 2200 2200 2200 2200 2200 2200 2200 2200 2200 2200 2200 2200 2200 2200 2200 2200 2200 2200 2200 2200 2200 2200 2200 2200 2200 2200 2200 2200 
2200 2200 2200 2200 2200 2200 1941 1939 1936 1929 1926 1921 1916 1914 1916 1916 1923 1928 1932 1937 1943 1948 1953 1959 1962 1965 1968 1972 1977 1980 1984 1989 1992 1994 1995 1995 1995 1998 2003 2009 2015 2015 2018 2017 2200 2200 2200 2200 2200 2200 2200 2200 2200 2200 2200 2200 2200 2200 2200 2200 2200 2200 2200 2200 2200 2200 2200 2200 2200 2200 2200 2200 2200 2200 2200 2200 2200 2200 2200 2200 2200 2200 2200 2200 
2200 2200 2200 2200 2200 2200 1935 1931 1928 1922 1917 1912 1909 1904 1913 1916 1929 1936 1939 1943 1948 1951 1955 1961 1964 1966 1972 1975 1977 1980 1985 1991 1993 1993 1993 1991 1992 1996 2000 2003 2006 2012 2016 2200 2200 2200 2200 2200 2200 2200 2200 2200 2200 2200 2200 2200 2200 2200 2200 2200 2200 2200 2200 2200 2200 2200 2200 2200 2200 2200 2200 2200 2200 2200 2200 2200 2200 2200 2200 2200 2200 2200 2200 2200 
2200 2200 2200 2200 2200 1936 1934 1927 1920 1916 1909 1905 1901 1905 1912 1918 1925 1930 1938 1943 1946 1952 1956 1958 1961 1963 1970 1974 1974 1978 1985 1989 1991 1991 1990 1989 1994 1999 2005 2009 2010 2014 2017 2200 2200 2200 2200 2200 2200 2200 2200 2200 2200 2200 2200 2200 2200 2200 2200 2200 2200 2200 2200 2200 2200 2200 2200 2200 2200 2200 2200 2200 2200 2200 2200 2200 2200 2200 2200 2200 2200 2200 2200 2200 
2200 2200 2200 2200 2200 1932 1930 1925 1917 1911 1906 1901 1896 1900 1908 1915 1918 1927 1932 1935 1944 1945 1950 1954 1953 1956 1961 1962 1964 1971 1978 1983 1986 1987 1986 1990 1995 1999 2003 2012 2015 2015 2018 2200 2200 2200 2200 2200 2200 2200 2200 2200 2200 2200 2200 2200 2200 2200 2200 2200 2200 2200 2200 2200 2200 2200 2200 2200 2200 2200 2200 2200 2200 2200 2200 2200 2200 2200 2200 2200 2200 2200 2200 2200 
2200 2200 2200 2200 2200 1927 1925 1921 1914 1908 1904 1900 1895 1900 1906 1910 1912 1920 1927 1930 1933 1938 1941 1941 1944 1950 1951 1955 1959 1960 1964 1972 1975 1981 1985 1992 1996 2000 2005 2016 2018 2019 2022 2023 2200 2019 2016 2200 2200 2200 2200 2200 2200 2200 2200 2200 2200 2200 2200 2200 2200 2200 2200 2200 2200 2200 2200 2200 2200 2200 2200 2200 2200 2200 2200 2200 2200 2200 2200 2200 2200 2200 2200 2200 
2200 2200 2200 2200 2200 1920 1919 1915 1910 1904 1899 1896 1893 1899 1902 1903 1909 1912 1917 1921 1919 1924 1926 1930 1932 1934 1936 1947 1954 1954 1956 1961 1965 1974 1983 1991 1997 2003 2010 2016 2019 2020 2021 2022 2021 2017 2014 2200 2200 2200 2200 2200 2200 2200 2200 2200 2200 2200 2200 2200 2200 2200 2200 2200 2200 2200 2200 2200 2200 2200 2200 2200 2200 2200 2200 2200 2200 2200 2200 2200 2200 2200 2200 2200 
2200 2200 2200 2200 2200 1916 1916 1912 1908 1900 1896 1894 1891 1895 1898 1902 1906 1906 1908 1911 1911 1916 1918 1921 1920 1923 1935 1941 1944 1948 1950 1951 1960 1971 1983 1992 1998 2004 2015 2018 2018 2017 2018 2016 2016 2017 2012 2009 2007 2200 2200 2200 2200 2200 2200 2200 2200 2200 2200 2200 2200 2200 2200 2200 2200 2200 2200 2200 2200 2200 2200 2200 2200 2200 2200 2200 2200 2200 2200 2200 2200 2200 2200 2200 
2200 2200 2200 2200 1903 1906 1905 1904 1899 1895 1894 1893 1890 1893 1895 1898 1901 1901 1901 1904 1906 1910 1914 1911 1913 1923 1930 1934 1937 1942 1945 1952 1963 1972 1983 1991 2000 2008 2015 2017 2017 2014 2012 2010 2013 2011 2008 2005 2004 2200 2200 2200 2200 2200 2200 2200 2200 2200 2200 2200 2200 2200 2200 2200 2200 2200 2200 2200 2200 2200 2200 2200 2200 2200 2200 2200 2200 2200 2200 2200 2200 2200 2200 2200 
2200 2200 2200 2200 1892 1893 1895 1892 1890 1892 1895 1896 1894 1889 1888 1892 1894 1894 1897 1899 1903 1906 1906 1907 1914 1918 1923 1925 1926 1939 1948 1954 1963 1971 1975 1982 1989 1998 2008 2010 2006 2005 2001 2004 2005 2006 2003 2001 2002 2005 2200 2200 2200 2200 2200 2200 2200 2200 2200 2200 2200 2200 2200 2200 2200 2200 2200 2200 2200 2200 2200 2200 2200 2200 2200 2200 2200 2200 2200 2200 2200 2200 2200 2200 
2200 2200 2200 2200 1883 1884 1884 1883 1883 1888 1892 1893 1894 1890 1883 1883 1885 1887 1890 1896 1899 1901 1904 1907 1908 1909 1915 1915 1926 1936 1945 1951 1958 1962 1963 1968 1971 1979 1982 1989 1992 1993 1994 1996 1998 2000 1998 1998 2003 2009 2200 2200 2200 2200 2200 2200 2200 2200 2200 2200 2200 2200 2200 2200 2200 2200 2200 2200 2200 2200 2200 2200 2200 2200 2200 2200 2200 2200 2200 2200 2200 2200 2200 2200 
2200 2200 2200 2200 1875 1875 1876 1876 1877 1882 1884 1885 1885 1884 1878 1877 1879 1881 1885 1890 1894 1899 1903 1901 1900 1902 1907 1915 1921 1929 1936 1942 1947 1949 1949 1953 1953 1957 1969 1977 1980 1983 1984 1988 1992 1993 1995 1999 2003 2009 2012 2200 2009 2009 2013 2015 2012 2010 2200 2200 2200 2200 2200 2200 2200 2200 2200 2200 2200 2200 2200 2200 2200 2200 2200 2200 2200 2200 2200 2200 2200 2200 2200 2200 
2200 2200 2200 2200 1869 1868 1868 1868 1872 1872 1876 1876 1874 1871 1868 1866 1871 1874 1880 1884 1892 1894 1894 1890 1896 1903 1905 1910 1914 1921 1926 1932 1937 1939 1937 1942 1941 1950 1960 1965 1968 1970 1973 1982 1984 1983 1986 1998 2005 2006 2011 2009 2006 2007 2010 2010 2008 2005 2003 2200 2200 2200 2200 2200 2200 2200 2200 2200 2200 2200 2200 2200 2200 2200 2200 2200 2200 2200 2200 2200 2200 2200 2200 2200 
2200 2200 2200 2200 1865 1862 1859 1858 1858 1863 1866 1866 1863 1858 1853 1849 1859 1864 1869 1876 1883 1882 1884 1883 1888 1896 1899 1902 1909 1911 1916 1923 1928 1931 1931 1933 1935 1944 1949 1954 1957 1960 1968 1973 1978 1976 1976 1982 1993 2001 2002 2004 2004 2003 2005 2003 2001 1999 1994 2200 2200 2200 2200 2200 2200 2200 2200 2200 2200 2200 2200 2200 2200 2200 2200 2200 2200 2200 2200 2200 2200 2200 2200 2200 
2200 2200 2200 1863 1861 1858 1856 1854 1853 1853 1855 1852 1848 1847 1841 1841 1850 1854 1863 1864 1866 1867 1875 1877 1882 1888 1893 1898 1902 1905 1911 1916 1919 1924 1925 1925 1930 1936 1940 1943 1947 1955 1961 1969 1972 1970 1969 1977 1985 1990 1993 1997 1998 1998 1997 1996 1993 1993 1988 1985 1984 2200 2200 2200 2200 2200 2200 2200 2200 2200 2200 2200 2200 2200 2200 2200 2200 2200 2200 2200 2200 2200 2200 2200 
2200 2200 1857 1856 1855 1852 1848 1846 1849 1847 1846 1843 1839 1836 1830 1838 1843 1841 1848 1847 1852 1853 1860 1866 1879 1885 1889 1893 1897 1901 1907 1910 1914 1915 1917 1919 1923 1928 1932 1936 1944 1950 1956 1961 1964 1963 1964 1973 1978 1981 1983 1987 1988 1988 1989 1987 1983 1985 1983 1981 1981 1983 2200 2200 2200 2200 2200 2200 2200 2200 2200 2200 2200 2200 2200 2200 2200 2200 2200 2200 2200 2200 2200 2200 
2200 1854 1853 1850 1847 1847 1842 1841 1842 1841 1840 1839 1833 1828 1826 1832 1834 1833 1834 1836 1841 1841 1846 1855 1871 1880 1885 1889 1893 1897 1901 1904 1907 1910 1912 1913 1917 1922 1928 1933 1940 1945 1950 1954 1956 1954 1957 1962 1968 1973 1975 1977 1978 1979 1980 1979 1975 1976 1974 1972 1974 1979 1979 1974 2200 1968 1960 2200 2200 2200 2200 2200 2200 2200 2200 2200 2200 2200 2200 2200 2200 2200 2200 2200 
1851 1851 1848 1842 1839 1838 1835 1835 1834 1834 1835 1835 1832 1824 1822 1826 1828 1826 1827 1833 1835 1834 1835 1844 1856 1867 1874 1881 1886 1890 1895 1898 1900 1903 1907 1908 1912 1919 1925 1930 1935 1940 1944 1947 1947 1945 1948 1953 1959 1962 1965 1967 1968 1969 1972 1971 1968 1964 1964 1964 1971 1975 1972 1968 1973 1966 1960 1955 1954 1958 2200 2200 2200 2200 2200 2200 2200 2200 2200 2200 2200 2200 2200 2200 
1854 1850 1844 1838 1836 1832 1828 1828 1829 1830 1829 1830 1827 1822 1817 1820 1823 1819 1820 1827 1827 1827 1827 1832 1843 1848 1856 1862 1866 1868 1878 1885 1889 1892 1899 1903 1909 1915 1918 1921 1926 1930 1936 1939 1939 1938 1945 1949 1951 1956 1958 1960 1960 1960 1962 1962 1960 1955 1956 1957 1966 1970 1968 1964 1960 1962 1957 1953 1953 1960 1963 1965 1967 1968 1971 2200 2200 2200 2200 2200 2200 2200 2200 2200 
2200 1853 1847 1839 1831 1827 1822 1821 1821 1825 1823 1824 1823 1816 1811 1816 1817 1816 1814 1813 1815 1816 1822 1822 1826 1833 1840 1844 1849 1854 1858 1865 1872 1879 1885 1891 1894 1898 1903 1906 1911 1918 1924 1930 1932 1933 1937 1942 1947 1952 1951 1954 1953 1952 1951 1952 1949 1944 1943 1946 1954 1956 1954 1953 1952 1950 1951 1951 1953 1957 1960 1964 1964 1967 1971 1974 2200 2200 2200 2200 2200 2200 2200 2200 
2200 1850 1845 1836 1829 1822 1817 1814 1814 1815 1818 1819 1819 1813 1803 1811 1810 1811 1808 1806 1805 1805 1807 1813 1818 1821 1826 1833 1838 1841 1845 1847 1851 1860 1870 1879 1882 1885 1888 1892 1897 1901 1906 1908 1911 1915 1922 1930 1938 1942 1937 1936 1940 1936 1937 1939 1940 1936 1933 1934 1937 1940 1941 1943 1944 1945 1947 1950 1952 1955 1957 1960 1965 1969 1973 1976 1979 2200 2200 2200 2200 2200 2200 2200 
2200 1844 1841 1835 1827 1816 1810 1803 1803 1807 1811 1811 1813 1809 1799 1805 1803 1801 1800 1796 1796 1795 1801 1809 1811 1816 1819 1825 1829 1832 1832 1834 1836 1845 1856 1863 1868 1875 1878 1883 1885 1888 1892 1892 1894 1902 1909 1919 1926 1928 1927 1922 1920 1922 1924 1928 1932 1932 1927 1927 1930 1931 1933 1936 1938 1941 1944 1949 1953 1956 1959 1962 1963 1966 1971 1973 1980 1982 1984 2200 2200 2200 2200 2200 
2200 2200 1835 1831 1824 1812 1805 1800 1796 1797 1800 1804 1807 1807 1801 1795 1795 1794 1793 1792 1788 1788 1796 1803 1805 1810 1815 1818 1824 1825 1825 1824 1826 1833 1841 1851 1857 1864 1870 1873 1877 1880 1882 1886 1885 1892 1900 1907 1913 1916 1917 1911 1910 1913 1916 1919 1925 1925 1923 1921 1924 1924 1928 1930 1930 1935 1940 1947 1951 1955 1957 1960 1964 1968 1971 1974 1977 1982 2200 2200 2200 2200 2200 2200 
2200 2200 1833 1828 1822 1813 1806 1799 1791 1790 1790 1794 1799 1802 1801 1795 1787 1787 1786 1787 1780 1785 1791 1798 1801 1803 1806 1811 1817 1816 1815 1813 1818 1827 1836 1844 1851 1856 1864 1868 1873 1876 1878 1883 1880 1887 1893 1898 1900 1903 1903 1902 1903 1905 1909 1913 1917 1919 1919 1918 1919 1919 1921 1923 1927 1931 1938 1941 1948 1952 1956 1960 1965 1968 1972 1978 1980 1982 1983 2200 2200 2200 2200 2200 
2200 2200 1831 1828 1820 1811 1804 1797 1790 1786 1782 1786 1790 1795 1796 1791 1780 1781 1780 1781 1774 1782 1789 1791 1794 1793 1797 1804 1805 1805 1801 1801 1810 1821 1831 1838 1847 1852 1858 1865 1869 1871 1873 1875 1877 1882 1886 1888 1888 1888 1891 1894 1896 1899 1902 1906 1912 1914 1916 1914 1914 1915 1915 1918 1920 1927 1932 1936 1946 1952 1953 1958 1962 1966 1969 1972 1974 1977 1981 1984 2200 2200 2200 2200 
2200 2200 1828 1825 1818 1807 1801 1795 1790 1785 1775 1776 1781 1787 1790 1784 1774 1770 1776 1772 1771 1778 1785 1788 1790 1789 1792 1793 1792 1793 1791 1797 1807 1821 1830 1837 1843 1849 1852 1857 1863 1863 1866 1869 1874 1875 1876 1877 1879 1880 1883 1887 1891 1893 1897 1901 1904 1908 1909 1910 1913 1913 1914 1917 1924 1926 1928 1935 1941 1948 1952 1957 1959 1964 1967 1972 1978 1980 1981 2200 2200 2200 2200 2200 
2200 2200 1824 1822 1814 1803 1796 1791 1787 1781 1772 1770 1772 1779 1781 1777 1767 1762 1765 1764 1769 1776 1785 1786 1786 1784 1784 1784 1784 1786 1788 1792 1803 1815 1822 1832 1837 1843 1850 1850 1852 1851 1848 1850 1858 1868 1869 1870 1872 1873 1878 1883 1884 1885 1894 1899 1901 1902 1904 1907 1910 1910 1913 1921 1924 1925 1926 1934 1939 1945 1949 1953 1961 1965 1969 1980 1982 1981 2200 2200 2200 2200 2200 2200 
2200 2200 2200 1817 1811 1798 1792 1788 1783 1776 1770 1765 1768 1770 1773 1768 1760 1753 1757 1753 1762 1771 1778 1782 1780 1778 1776 1776 1778 1778 1783 1787 1792 1802 1809 1818 1823 1826 1833 1835 1838 1836 1831 1836 1846 1857 1861 1863 1865 1871 1873 1878 1878 1880 1885 1890 1894 1899 1903 1906 1906 1907 1912 1918 1921 1922 1926 1935 1940 1944 1950 1954 1959 1963 1968 1973 1978 1983 2200 2200 2200 2200 2200 2200 
2200 2200 2200 1814 1808 1796 1789 1784 1781 1774 1764 1759 1762 1763 1766 1764 1754 1746 1750 1748 1760 1765 1769 1772 1769 1768 1768 1767 1766 1769 1775 1781 1788 1794 1798 1805 1812 1820 1821 1825 1827 1827 1826 1832 1842 1847 1854 1856 1860 1865 1870 1871 1872 1877 1882 1890 1896 1901 1905 1905 1903 1905 1908 1910 1913 1921 1926 1931 1937 1943 1948 1953 1957 1962 1967 1971 1976 1982 1983 1985 2200 2200 2200 2200 
2200 2200 2200 1807 1801 1795 1788 1781 1775 1771 1761 1755 1755 1756 1758 1756 1749 1740 1740 1747 1754 1759 1762 1762 1762 1762 1763 1760 1761 1762 1771 1777 1784 1788 1793 1800 1807 1812 1812 1814 1819 1820 1821 1828 1837 1845 1847 1854 1858 1862 1863 1862 1870 1877 1884 1890 1894 1900 1901 1899 1899 1904 1905 1911 1918 1923 1930 1934 1938 1940 1946 1950 1955 1959 1965 1969 1973 1975 1980 2200 2200 2200 2200 2200 
2200 2200 2200 2200 1799 1793 1787 1779 1772 1767 1763 1753 1746 1746 1746 1749 1742 1736 1742 1748 1751 1751 1751 1752 1753 1755 1758 1755 1756 1762 1768 1772 1777 1781 1789 1796 1801 1803 1804 1807 1811 1813 1818 1826 1835 1837 1844 1849 1856 1860 1857 1860 1872 1879 1884 1893 1898 1898 1897 1896 1899 1899 1898 1904 1914 1921 1927 1930 1932 1937 1948 1951 1954 1958 1961 1964 1967 1968 1974 1978 2200 2200 2200 2200 
2200 2200 2200 2200 1795 1792 1786 1778 1770 1764 1758 1753 1746 1737 1739 1737 1733 1737 1741 1744 1744 1741 1741 1742 1744 1747 1752 1752 1753 1759 1762 1769 1774 1778 1784 1789 1793 1794 1798 1801 1804 1812 1818 1825 1830 1833 1841 1849 1853 1854 1852 1859 1869 1874 1881 1890 1892 1892 1894 1900 1896 1895 1898 1907 1912 1915 1917 1927 1937 1942 1945 1953 1956 1955 1956 1959 1962 1966 1971 2200 2200 2200 2200 2200 
2200 2200 2200 2200 2200 1791 1786 1777 1768 1761 1757 1746 1743 1736 1729 1730 1735 1737 1741 1742 1740 1738 1737 1736 1737 1738 1743 1749 1752 1755 1761 1766 1769 1774 1778 1782 1783 1786 1788 1792 1797 1805 1813 1819 1825 1826 1836 1841 1846 1846 1846 1856 1860 1868 1879 1886 1891 1893 1892 1896 1892 1891 1899 1906 1912 1917 1923 1931 1938 1943 1945 1950 1952 1952 1954 1957 1961 1966 1972 2200 2200 2200 2200 2200 
2200 2200 2200 2200 2200 2200 1786 1777 1766 1758 1752 1744 1734 1731 1728 1734 1735 1737 1739 1740 1740 1738 1734 1730 1728 1738 1743 1746 1749 1753 1758 1760 1765 1770 1776 1778 1776 1775 1778 1784 1790 1801 1808 1814 1816 1821 1827 1831 1836 1834 1839 1847 1853 1864 1876 1883 1891 1890 1885 1889 1888 1890 1896 1904 1910 1916 1922 1930 1937 1940 1941 1944 1948 1950 1954 1960 1964 1968 2200 2200 2200 2200 2200 2200 
2200 2200 2200 2200 2200 2200 2200 1774 1764 1755 1747 1741 1730 1722 1729 1731 1735 1736 1736 1737 1738 1737 1733 1725 1725 1729 1736 1739 1741 1749 1754 1758 1764 1768 1771 1771 1771 1769 1774 1777 1784 1793 1803 1810 1812 1814 1818 1823 1829 1827 1830 1840 1851 1861 1869 1878 1881 1881 1880 1883 1881 1882 1893 1903 1908 1913 1919 1926 1933 1936 1936 1940 1947 1951 1956 1961 1965 1968 1970 2200 2200 2200 2200 2200 
2200 2200 2200 2200 2200 2200 2200 1771 1762 1753 1745 1736 1722 1724 1727 1728 1729 1732 1732 1732 1734 1734 1731 1724 1721 1726 1728 1731 1736 1743 1750 1755 1758 1763 1766 1764 1763 1763 1767 1770 1780 1790 1800 1804 1802 1809 1812 1816 1824 1823 1833 1843 1851 1859 1867 1871 1873 1871 1873 1877 1872 1877 1890 1899 1904 1909 1915 1923 1929 1931 1934 1939 1943 1949 1957 1961 1964 1966 1969 1971 2200 2200 2200 2200 
2200 2200 2200 2200 2200 2200 2200 2200 2200 1755 1748 1736 1723 1716 1720 1723 1724 1727 1724 1725 1727 1729 1729 1724 1718 1720 1725 1729 1733 1738 1745 1752 1754 1757 1762 1761 1758 1758 1760 1762 1774 1785 1792 1797 1798 1802 1804 1806 1814 1822 1834 1844 1850 1855 1860 1863 1866 1865 1865 1866 1870 1876 1886 1894 1904 1912 1914 1921 1925 1930 1933 1937 1941 1947 1954 1958 1962 1964 1967 2200 2200 2200 2200 2200 
2200 2200 2200 2200 2200 2200 2200 2200 2200 1751 1746 1738 1728 1711 1708 1715 1717 1718 1717 1719 1723 1727 1728 1724 1717 1716 1723 1726 1728 1733 1738 1743 1749 1754 1758 1757 1753 1753 1754 1761 1770 1780 1785 1789 1794 1793 1795 1804 1812 1822 1831 1840 1849 1851 1855 1860 1863 1859 1862 1865 1868 1875 1882 1891 1900 1905 1912 1920 1925 1928 1931 1934 1939 1947 1953 1957 1960 1961 1962 2200 2200 2200 2200 2200 
2200 2200 2200 2200 2200 2200 2200 2200 2200 2200 1747 1741 1734 1717 1702 1704 1710 1712 1712 1715 1717 1722 1727 1725 1715 1712 1716 1719 1725 1730 1735 1740 1744 1751 1754 1752 1749 1748 1749 1761 1770 1774 1780 1784 1789 1786 1793 1801 1808 1818 1827 1834 1838 1843 1853 1857 1854 1857 1862 1865 1868 1873 1879 1885 1894 1900 1912 1920 1924 1925 1927 1930 1937 1948 1952 1954 1958 1959 2200 2200 2200 2200 2200 2200 
2200 2200 2200 2200 2200 2200 2200 2200 2200 2200 1746 1741 1735 1727 1708 1698 1701 1706 1707 1707 1713 1718 1722 1720 1713 1710 1716 1722 1726 1731 1737 1741 1746 1751 1752 1748 1745 1744 1745 1753 1758 1765 1770 1778 1783 1785 1793 1797 1804 1813 1821 1828 1836 1842 1854 1849 1851 1858 1867 1872 1876 1878 1883 1885 1894 1900 1907 1917 1920 1921 1924 1928 1938 1947 1952 1957 1960 1960 2200 2200 2200 2200 2200 2200 
2200 2200 2200 2200 2200 2200 2200 2200 2200 2200 2200 1740 1734 1728 1712 1702 1696 1700 1702 1704 1709 1713 1714 1710 1707 1714 1720 1726 1730 1733 1738 1743 1746 1748 1748 1745 1741 1736 1742 1747 1753 1759 1762 1768 1772 1780 1791 1795 1799 1807 1813 1819 1825 1832 1843 1853 1862 1869 1874 1881 1888 1891 1895 1895 1894 1899 1904 1913 1915 1920 1924 1931 1942 1948 1954 1960 1965 1963 2200 2200 2200 2200 2200 2200 
2200 2200 2200 2200 2200 2200 2200 2200 2200 2200 2200 1737 1732 1727 1713 1699 1696 1697 1699 1703 1706 1707 1707 1706 1713 1716 1720 1724 1729 1734 1735 1739 1741 1744 1743 1741 1737 1735 1740 1744 1751 1754 1760 1768 1775 1784 1788 1791 1798 1806 1815 1824 1832 1841 1852 1858 1866 1875 1881 1887 1895 1900 1902 1901 1900 1901 1905 1909 1915 1921 1924 1937 1943 1950 1957 1963 1966 2200 2200 2200 2200 2200 2200 2200 
2200 2200 2200 2200 2200 2200 2200 2200 2200 2200 2200 1734 1729 1724 1709 1699 1694 1694 1696 1700 1701 1701 1701 1708 1711 1714 1717 1719 1725 1729 1729 1731 1734 1735 1732 1731 1734 1742 1746 1747 1747 1754 1763 1764 1772 1780 1793 1800 1808 1815 1821 1828 1835 1842 1850 1859 1869 1878 1883 1887 1893 1902 1903 1903 1906 1907 1908 1912 1918 1922 1929 1939 1945 1952 1960 1966 1969 2200 2200 2200 2200 2200 2200 2200 
2200 2200 2200 2200 2200 2200 2200 2200 2200 2200 2200 2200 1726 1718 1707 1698 1692 1693 1695 1697 1698 1697 1698 1705 1709 1712 1713 1711 1718 1720 1722 1720 1722 1722 1726 1734 1742 1747 1749 1755 1762 1765 1764 1771 1779 1785 1791 1802 1810 1817 1823 1829 1836 1842 1850 1858 1868 1874 1879 1883 1887 1896 1902 1906 1913 1915 1917 1919 1922 1925 1931 1939 1947 1956 1965 1969 2200 2200 2200 2200 2200 2200 2200 2200 
2200 2200 2200 2200 2200 2200 2200 2200 2200 2200 2200 2200 1721 1714 1705 1697 1691 1692 1694 1695 1696 1696 1696 1700 1705 1708 1706 1706 1708 1708 1706 1713 1720 1727 1736 1742 1746 1749 1754 1761 1770 1775 1775 1770 1776 1782 1787 1798 1807 1812 1820 1828 1834 1842 1848 1854 1863 1869 1874 1877 1883 1896 1901 1908 1917 1924 1924 1928 1926 1929 1933 1941 1949 1959 1966 1970 2200 2200 2200 2200 2200 2200 2200 2200 
2200 2200 2200 2200 2200 2200 2200 2200 2200 2200 2200 2200 2200 2200 1704 1696 1690 1693 1694 1695 1693 1694 1694 1694 1698 1702 1701 1700 1701 1708 1715 1720 1725 1732 1737 1742 1744 1749 1756 1764 1771 1777 1778 1775 1778 1783 1789 1793 1802 1808 1813 1825 1834 1839 1843 1849 1858 1864 1867 1874 1879 1887 1898 1910 1919 1926 1929 1932 1931 1935 1939 1946 1953 1960 1966 1971 2200 2200 2200 2200 2200 2200 2200 2200 
2200 2200 2200 2200 2200 2200 2200 2200 2200 2200 2200 2200 2200 2200 2200 1697 1689 1690 1692 1694 1691 1692 1693 1694 1693 1696 1695 1697 1702 1706 1711 1719 1725 1730 1736 1740 1745 1748 1754 1762 1770 1775 1778 1782 1787 1789 1799 1802 1801 1805 1811 1822 1829 1835 1839 1843 1852 1858 1866 1871 1878 1886 1898 1912 1923 1928 1931 1933 1934 1940 1948 1954 1959 1963 1967 1971 2200 2200 2200 2200 2200 2200 2200 2200 
2200 2200 2200 2200 2200 2200 2200 2200 2200 2200 2200 2200 2200 2200 2200 2200 1684 1688 1688 1688 1689 1690 1691 1693 1696 1697 1701 1704 1699 1706 1714 1720 1725 1731 1736 1741 1743 1747 1753 1761 1768 1776 1780 1787 1793 1798 1807 1810 1806 1806 1813 1821 1827 1834 1841 1845 1850 1855 1862 1871 1879 1887 1900 1912 1921 1926 1930 1935 1942 1950 1955 1956 1960 1964 1968 2200 2200 2200 2200 2200 2200 2200 2200 2200 
2200 2200 2200 2200 2200 2200 2200 2200 2200 2200 2200 2200 2200 2200 2200 2200 1691 1697 1694 1693 1695 1699 1703 1703 1702 1704 1706 1708 1705 1707 1712 1718 1723 1729 1733 1738 1742 1744 1753 1764 1769 1778 1785 1793 1800 1805 1811 1812 1809 1810 1816 1824 1831 1836 1844 1850 1852 1859 1866 1872 1878 1887 1899 1910 1916 1922 1931 1938 1946 1953 1957 1959 1961 1963 1969 2200 2200 2200 2200 2200 2200 2200 2200 2200 
2200 2200 2200 2200 2200 2200 2200 2200 2200 2200 2200 2200 2200 2200 2200 2200 2200 1701 1699 1696 1698 1703 1708 1710 1711 1709 1710 1712 1717 1718 1724 1729 1728 1729 1734 1738 1740 1747 1756 1766 1775 1782 1789 1796 1803 1809 1812 1814 1815 1816 1821 1827 1833 1840 1845 1851 1857 1862 1868 1875 1881 1889 1897 1904 1913 1919 1929 1938 1945 1953 1960 1962 1964 1969 1971 2200 2200 2200 2200 2200 2200 2200 2200 2200 
2200 2200 2200 2200 2200 2200 2200 2200 2200 2200 2200 2200 2200 2200 2200 2200 2200 2200 1706 1702 1702 1705 1709 1713 1717 1718 1718 1717 1721 1724 1728 1732 1734 1732 1732 1733 1740 1750 1760 1769 1774 1781 1787 1793 1799 1804 1810 1817 1820 1820 1827 1831 1835 1841 1849 1854 1857 1867 1874 1878 1883 1887 1892 1898 1909 1919 1925 1933 1942 1949 1960 1960 1965 1974 2200 2200 2200 2200 2200 2200 2200 2200 2200 2200 
2200 2200 2200 2200 2200 2200 2200 2200 2200 2200 2200 2200 2200 2200 2200 2200 2200 2200 2200 1709 1709 1709 1713 1716 1719 1724 1724 1727 1728 1729 1732 1734 1737 1737 1739 1740 1744 1751 1762 1769 1773 1777 1786 1792 1796 1802 1810 1818 1823 1824 1828 1833 1836 1841 1847 1853 1858 1867 1874 1877 1883 1886 1892 1901 1911 1916 1921 1927 1934 1945 1953 1958 1965 1970 1972 2200 2200 2200 2200 2200 2200 2200 2200 2200 
2200 2200 2200 2200 2200 2200 2200 2200 2200 2200 2200 2200 2200 2200 2200 2200 2200 2200 2200 2200 1717 1721 1724 1725 1724 1727 1730 1734 1735 1736 1736 1739 1741 1746 1748 1749 1750 1755 1761 1765 1771 1778 1787 1792 1798 1802 1812 1816 1825 1828 1830 1834 1838 1840 1843 1846 1855 1863 1870 1881 1888 1892 1896 1904 1914 1920 1923 1927 1934 1944 1952 1960 1964 1967 1968 2200 2200 2200 2200 2200 2200 2200 2200 2200 
2200 2200 2200 2200 2200 2200 2200 2200 2200 2200 2200 2200 2200 2200 2200 2200 2200 2200 2200 2200 1720 1724 1730 1734 1736 1735 1736 1741 1741 1740 1740 1743 1746 1752 1756 1756 1753 1760 1764 1768 1770 1777 1785 1791 1798 1803 1809 1815 1820 1825 1829 1833 1835 1834 1840 1845 1850 1860 1870 1881 1890 1897 1903 1908 1914 1920 1925 1931 1938 1946 1954 1963 1964 1965 1964 1961 2200 2200 2200 2200 2200 2200 2200 2200 
2200 2200 2200 2200 2200 2200 2200 2200 2200 2200 2200 2200 2200 2200 2200 2200 2200 2200 2200 2200 1724 1724 1729 1733 1738 1741 1746 1748 1748 1745 1745 1747 1751 1757 1762 1762 1760 1760 1765 1769 1770 1774 1782 1789 1796 1801 1805 1810 1816 1821 1825 1828 1826 1831 1840 1848 1852 1860 1868 1875 1885 1895 1903 1908 1912 1917 1924 1932 1940 1946 1955 1958 1961 1963 1960 1957 1955 2200 2200 2200 2200 2200 2200 2200 
2200 2200 2200 2200 2200 2200 2200 2200 2200 2200 2200 2200 2200 2200 2200 2200 2200 2200 2200 2200 2200 1726 1729 1733 1736 1740 1745 1749 1751 1752 1753 1755 1761 1760 1763 1766 1765 1764 1767 1769 1774 1775 1780 1785 1790 1796 1798 1805 1810 1817 1820 1821 1822 1828 1837 1845 1846 1855 1862 1869 1878 1889 1897 1903 1909 1914 1922 1930 1937 1943 1949 1954 1958 1960 1958 1954 1953 1950 2200 2200 2200 2200 2200 2200 
2200 2200 2200 2200 2200 2200 2200 2200 2200 2200 2200 2200 2200 2200 2200 2200 2200 2200 2200 2200 2200 1730 1733 1737 1741 1746 1749 1751 1755 1758 1762 1767 1771 1769 1768 1770 1769 1769 1771 1774 1775 1783 1787 1786 1787 1790 1794 1798 1803 1810 1815 1816 1819 1827 1833 1836 1839 1845 1855 1863 1871 1879 1890 1897 1905 1913 1919 1924 1933 1939 1945 1950 1953 1955 1955 1948 1947 1946 2200 2200 2200 2200 2200 2200 
2200 2200 2200 2200 2200 2200 2200 2200 2200 2200 2200 2200 2200 2200 2200 2200 2200 2200 2200 2200 2200 1737 1741 1746 1747 1749 1753 1756 1759 1764 1767 1770 1778 1780 1779 1780 1778 1777 1779 1779 1781 1788 1797 1798 1793 1789 1793 1796 1798 1803 1807 1811 1816 1825 1825 1827 1832 1837 1848 1858 1865 1873 1882 1892 1903 1907 1915 1919 1925 1931 1937 1941 1945 1948 1947 1942 1940 1945 1946 1946 1945 2200 2200 2200 
2200 2200 2200 2200 2200 2200 2200 2200 2200 2200 2200 2200 2200 2200 2200 2200 2200 2200 2200 2200 2200 1743 1748 1752 1754 1754 1758 1760 1763 1770 1774 1777 1782 1789 1791 1794 1794 1788 1787 1787 1790 1793 1792 1797 1800 1798 1795 1800 1798 1800 1806 1809 1812 1819 1822 1828 1833 1842 1842 1850 1858 1867 1876 1884 1894 1901 1905 1910 1916 1923 1927 1931 1935 1936 1937 1935 1939 1942 1943 1943 1943 1944 2200 2200 
2200 2200 2200 2200 2200 2200 2200 2200 2200 2200 2200 2200 2200 2200 2200 2200 2200 2200 2200 2200 2200 2200 1754 1758 1759 1760 1763 1767 1768 1774 1783 1788 1791 1794 1799 1804 1805 1799 1798 1797 1799 1798 1794 1796 1798 1806 1805 1805 1803 1805 1814 1821 1822 1826 1831 1838 1840 1845 1849 1856 1861 1862 1870 1876 1884 1891 1898 1904 1910 1915 1917 1921 1925 1929 1928 1932 1935 1938 1940 1942 1943 1944 2200 2200 
2200 2200 2200 2200 2200 2200 2200 2200 2200 2200 2200 2200 2200 2200 2200 2200 2200 2200 2200 2200 2200 2200 2200 2200 1765 1767 1771 1775 1779 1779 1784 1791 1797 1799 1801 1806 1808 1807 1808 1806 1806 1804 1799 1797 1800 1808 1810 1809 1813 1817 1826 1831 1834 1839 1847 1850 1852 1854 1854 1861 1868 1873 1875 1873 1877 1883 1893 1899 1904 1907 1908 1913 1919 1923 1927 1930 1934 1938 1940 1942 1943 1945 1946 2200 
2200 2200 2200 2200 2200 2200 2200 2200 2200 2200 2200 2200 2200 2200 2200 2200 2200 2200 2200 2200 2200 2200 2200 2200 2200 2200 2200 1780 1786 1789 1791 1792 1798 1803 1804 1808 1813 1813 1813 1809 1811 1809 1804 1800 1800 1807 1814 1818 1823 1826 1832 1841 1842 1849 1856 1861 1862 1861 1862 1864 1881 1885 1888 1881 1881 1886 1888 1892 1896 1905 1913 1921 1927 1928 1928 1931 1935 1938 1940 1944 1944 1946 1948 2200 
2200 2200 2200 2200 2200 2200 2200 2200 2200 2200 2200 2200 2200 2200 2200 2200 2200 2200 2200 2200 2200 2200 2200 2200 2200 2200 2200 2200 2200 1794 1796 1800 1801 1803 1807 1812 1816 1818 1815 1814 1817 1817 1811 1805 1802 1809 1817 1824 1831 1835 1841 1847 1853 1858 1865 1869 1870 1868 1871 1882 1896 1895 1895 1892 1891 1894 1891 1894 1899 1908 1916 1924 1932 1935 1933 1933 1935 1938 1940 1944 1945 1947 1950 1952 
2200 2200 2200 2200 2200 2200 2200 2200 2200 2200 2200 2200 2200 2200 2200 2200 2200 2200 2200 2200 2200 2200 2200 2200 2200 2200 2200 2200 2200 1798 1802 1807 1811 1809 1810 1815 1820 1823 1819 1819 1824 1824 1820 1814 1808 1809 1818 1824 1832 1840 1847 1854 1860 1867 1870 1874 1878 1878 1882 1890 1900 1904 1905 1905 1901 1904 1900 1897 1902 1911 1920 1931 1938 1942 1942 1937 1935 1938 1940 1943 1946 1947 1949 1952 
2200 2200 2200 2200 2200 2200 2200 2200 2200 2200 2200 2200 2200 2200 2200 2200 2200 2200 2200 2200 2200 2200 2200 2200 2200 2200 2200 2200 2200 2200 2200 2200 2200 1816 1817 1819 1822 1827 1826 1826 1830 1830 1827 1822 1815 1810 1817 1826 1832 1840 1848 1856 1862 1869 1872 1877 1883 1886 1891 1900 1908 1913 1912 1911 1911 1911 1906 1904 1907 1914 1925 1936 1944 1948 1949 1943 1938 1940 1943 1946 1948 1949 1950 1952 
2200 2200 2200 2200 2200 2200 2200 2200 2200 2200 2200 2200 2200 2200 2200 2200 2200 2200 2200 2200 2200 2200 2200 2200 2200 2200 2200 2200 2200 2200 2200 2200 2200 2200 1822 1824 1827 1829 1833 1833 1834 1836 1835 1828 1821 1817 1817 1828 1835 1844 1852 1858 1865 1872 1876 1879 1885 1892 1901 1910 1917 1919 1919 1916 1917 1917 1911 1911 1914 1921 1929 1940 1948 1952 1953 1947 1945 1943 1946 1948 1951 1952 1953 1953 
2200 2200 2200 2200 2200 2200 2200 2200 2200 2200 2200 2200 2200 2200 2200 2200 2200 2200 2200 2200 2200 2200 2200 2200 2200 2200 2200 2200 2200 2200 2200 2200 2200 2200 2200 2200 2200 2200 1835 1836 1837 1841 1840 1834 1829 1825 1820 1829 1834 1842 1850 1858 1865 1871 1875 1879 1885 1894 1903 1914 1919 1921 1923 1921 1923 1925 1920 1919 1924 1930 1936 1942 1948 1951 1956 1952 1954 1947 1948 1951 1954 1955 1956 2200 
2200 2200 2200 2200 2200 2200 2200 2200 2200 2200 2200 2200 2200 2200 2200 2200 2200 2200 2200 2200 2200 2200 2200 2200 2200 2200 2200 2200 2200 2200 2200 2200 2200 2200 2200 2200 2200 2200 2200 2200 1842 1846 1845 1840 1835 1831 1827 1832 1835 1841 1848 1858 1867 1874 1879 1882 1889 1896 1906 1916 1920 2200 1924 1925 1927 1929 1930 1931 1934 1939 1946 1947 1949 1952 1955 1953 1951 1949 1951 1955 1957 2200 2200 2200 
2200 2200 2200 2200 2200 2200 2200 2200 2200 2200 2200 2200 2200 2200 2200 2200 2200 2200 2200 2200 2200 2200 2200 2200 2200 2200 2200 2200 2200 2200 2200 2200 2200 2200 2200 2200 2200 2200 2200 2200 2200 2200 1849 1845 1840 1836 1834 1835 1839 1844 1849 1857 1865 1874 1880 1889 1897 1904 1913 2200 2200 2200 2200 2200 2200 1934 1935 1938 1942 1946 1951 1954 1954 1956 1957 1957 1954 1952 1953 2200 2200 2200 2200 2200 
2200 2200 2200 2200 2200 2200 2200 2200 2200 2200 2200 2200 2200 2200 2200 2200 2200 2200 2200 2200 2200 2200 2200 2200 2200 2200 2200 2200 2200 2200 2200 2200 2200 2200 2200 2200 2200 2200 2200 2200 2200 2200 1851 1848 1843 1839 1837 1836 1841 1846 1850 1857 1864 1872 1880 1890 1898 1906 2200 2200 2200 2200 2200 2200 2200 2200 1939 1944 1948 1950 1956 1961 1961 1963 1962 1962 1960 2200 2200 2200 2200 2200 2200 2200 
2200 2200 2200 2200 2200 2200 2200 2200 2200 2200 2200 2200 2200 2200 2200 2200 2200 2200 2200 2200 2200 2200 2200 2200 2200 2200 2200 2200 2200 2200 2200 2200 2200 2200 2200 2200 2200 2200 2200 2200 2200 2200 2200 1851 1847 1844 1839 1836 1843 1849 1854 1858 1863 1871 1879 1888 1897 1905 2200 2200 2200 2200 2200 2200 2200 2200 2200 2200 1952 1953 1958 1964 1966 1969 1967 1967 2200 2200 2200 2200 2200 2200 2200 2200 
2200 2200 2200 2200 2200 2200 2200 2200 2200 2200 2200 2200 2200 2200 2200 2200 2200 2200 2200 2200 2200 2200 2200 2200 2200 2200 2200 2200 2200 2200 2200 2200 2200 2200 2200 2200 2200 2200 2200 2200 2200 2200 2200 1852 1852 1848 1843 1839 1842 1849 1854 1857 1866 1873 1879 1886 1894 2200 2200 2200 2200 2200 2200 2200 2200 2200 2200 2200 2200 2200 1963 1969 1972 2200 2200 2200 2200 2200 2200 2200 2200 2200 2200 2200 
2200 2200 2200 2200 2200 2200 2200 2200 2200 2200 2200 2200 2200 2200 2200 2200 2200 2200 2200 2200 2200 2200 2200 2200 2200 2200 2200 2200 2200 2200 2200 2200 2200 2200 2200 2200 2200 2200 2200 2200 2200 2200 1855 1855 1854 1851 1849 1847 1844 1849 1853 1858 1868 1876 1880 2200 2200 2200 2200 2200 2200 2200 2200 2200 2200 2200 2200 2200 2200 2200 1969 1973 2200 2200 2200 2200 2200 2200 2200 2200 2200 2200 2200 2200 
2200 2200 2200 2200 2200 2200 2200 2200 2200 2200 2200 2200 2200 2200 2200 2200 2200 2200 2200 2200 2200 2200 2200 2200 2200 2200 2200 2200 2200 2200 2200 2200 2200 2200 2200 2200 2200 2200 2200 2200 2200 2200 2200 1856 1855 1855 1857 1855 1849 1847 1853 1858 1869 1875 2200 2200 2200 2200 2200 2200 2200 2200 2200 2200 2200 2200 2200 2200 2200 2200 2200 2200 2200 2200 2200 2200 2200 2200 2200 2200 2200 2200 2200 2200 
2200 2200 2200 2200 2200 2200 2200 2200 2200 2200 2200 2200 2200 2200 2200 2200 2200 2200 2200 2200 2200 2200 2200 2200 2200 2200 2200 2200 2200 2200 2200 2200 2200 2200 2200 2200 2200 2200 2200 2200 2200 2200 2200 2200 1856 1857 1860 1858 1853 1850 1856 1860 1865 2200 2200 2200 2200 2200 2200 2200 2200 2200 2200 2200 2200 2200 2200 2200 2200 2200 2200 2200 2200 2200 2200 2200 2200 2200 2200 2200 2200 2200 2200 2200 
2200 2200 2200 2200 2200 2200 2200 2200 2200 2200 2200 2200 2200 2200 2200 2200 2200 2200 2200 2200 2200 2200 2200 2200 2200 2200 2200 2200 2200 2200 2200 2200 2200 2200 2200 2200 2200 2200 2200 2200 2200 2200 2200 2200 1858 1859 1863 1862 1855 1852 1857 2200 2200 2200 2200 2200 2200 2200 2200 2200 2200 2200 2200 2200 2200 2200 2200 2200 2200 2200 2200 2200 2200 2200 2200 2200 2200 2200 2200 2200 2200 2200 2200 2200 
2200 2200 2200 2200 2200 2200 2200 2200 2200 2200 2200 2200 2200 2200 2200 2200 2200 2200 2200 2200 2200 2200 2200 2200 2200 2200 2200 2200 2200 2200 2200 2200 2200 2200 2200 2200 2200 2200 2200 2200 2200 2200 2200 2200 2200 1861 2200 2200 2200 2200 2200 2200 2200 2200 2200 2200 2200 2200 2200 2200 2200 2200 2200 2200 2200 2200 2200 2200 2200 2200 2200 2200 2200 2200 2200 2200 2200 2200 2200 2200 2200 2200 2200 2200 
