-9999 -9999 -9999 -9999 -9999 -9999 -9999 -9999 -9999 -9999 -9999 -9999 -9999 -9999 -9999 -9999 -9999 -9999 -9999 -9999 -9999 -9999 -9999 -9999 -9999 -9999 -9999 -9999 -9999 -9999 -9999 -9999 -9999 -9999 -9999 -9999 -9999 -9999 6560 -9999 -9999 -9999 -9999 -9999 -9999 -9999 -9999 -9999 -9999 -9999 -9999 -9999 -9999 -9999 -9999 -9999 -9999 -9999 -9999 -9999 -9999 -9999 -9999 -9999 -9999 -9999 -9999 -9999 -9999 -9999 -9999 -9999 -9999 -9999 -9999 -9999 -9999 -9999 -9999 -9999 -9999 -9999 -9999 -9999 
-9999 -9999 -9999 -9999 -9999 -9999 -9999 -9999 -9999 -9999 -9999 -9999 -9999 -9999 -9999 -9999 -9999 -9999 -9999 -9999 -9999 -9999 -9999 -9999 -9999 -9999 -9999 -9999 -9999 -9999 -9999 -9999 -9999 -9999 -9999 -9999 -9999 6665 6666 6667 -9999 -9999 -9999 -9999 -9999 -9999 -9999 -9999 -9999 -9999 -9999 -9999 -9999 -9999 -9999 -9999 -9999 -9999 -9999 -9999 -9999 -9999 -9999 -9999 -9999 -9999 -9999 -9999 -9999 -9999 -9999 -9999 -9999 -9999 -9999 -9999 -9999 -9999 -9999 -9999 -9999 -9999 -9999 -9999 
-9999 -9999 -9999 -9999 -9999 -9999 -9999 -9999 -9999 -9999 -9999 -9999 -9999 -9999 -9999 -9999 -9999 -9999 -9999 -9999 -9999 -9999 -9999 -9999 -9999 -9999 -9999 -9999 -9999 -9999 -9999 -9999 -9999 -9999 -9999 6768 6768 6769 6770 6771 6771 6772 6773 -9999 -9999 -9999 -9999 -9999 -9999 -9999 -9999 -9999 -9999 -9999 -9999 -9999 -9999 -9999 -9999 -9999 -9999 -9999 -9999 -9999 -9999 -9999 -9999 -9999 -9999 -9999 -9999 -9999 -9999 -9999 -9999 -9999 -9999 -9999 -9999 -9999 -9999 -9999 -9999 -9999 
-9999 -9999 -9999 -9999 -9999 -9999 -9999 -9999 -9999 -9999 -9999 -9999 -9999 -9999 -9999 -9999 -9999 -9999 -9999 -9999 -9999 -9999 -9999 -9999 -9999 -9999 -9999 -9999 -9999 -9999 -9999 -9999 -9999 -9999 6873 6874 6875 6876 6877 6878 6879 6880 6881 6882 -9999 -9999 -9999 -9999 -9999 -9999 -9999 -9999 -9999 -9999 -9999 -9999 -9999 -9999 -9999 -9999 -9999 -9999 -9999 -9999 -9999 -9999 -9999 -9999 -9999 -9999 -9999 -9999 -9999 -9999 -9999 -9999 -9999 -9999 -9999 -9999 -9999 -9999 -9999 -9999 
-9999 -9999 -9999 -9999 -9999 -9999 -9999 -9999 -9999 -9999 -9999 -9999 -9999 -9999 -9999 -9999 -9999 -9999 6972 6973 6974 6975 6976 6977 6977 6978 -9999 6980 6981 6982 6871 6983 6873 6984 6985 6985 6986 6987 6988 6989 6990 6991 6992 6993 -9999 -9999 -9999 -9999 -9999 -9999 -9999 -9999 -9999 -9999 -9999 -9999 -9999 -9999 -9999 -9999 -9999 -9999 -9999 -9999 -9999 -9999 -9999 -9999 -9999 -9999 -9999 -9999 -9999 -9999 -9999 -9999 -9999 -9999 -9999 -9999 -9999 -9999 -9999 -9999 
-9999 -9999 -9999 -9999 -9999 -9999 -9999 -9999 -9999 -9999 -9999 -9999 -9999 -9999 -9999 -9999 -9999 7079 7080 7081 7082 7083 7084 7084 7085 7086 6979 7087 6981 7088 7089 7090 7091 7092 7093 7093 7094 7095 7096 7097 7098 7099 7100 7100 -9999 -9999 -9999 -9999 -9999 -9999 -9999 -9999 -9999 -9999 -9999 -9999 -9999 -9999 -9999 -9999 -9999 -9999 -9999 -9999 -9999 -9999 -9999 -9999 -9999 -9999 -9999 -9999 -9999 -9999 -9999 -9999 -9999 -9999 -9999 -9999 -9999 -9999 -9999 -9999 
-9999 -9999 -9999 -9999 -9999 -9999 -9999 -9999 -9999 -9999 -9999 -9999 -9999 -9999 -9999 -9999 -9999 7192 7193 7193 7194 7195 7196 7084 7197 7198 7199 7200 7201 7202 7203 7204 7205 7206 7207 7208 7209 7210 7211 7212 7212 7213 7214 7215 7100 -9999 -9999 -9999 -9999 -9999 -9999 -9999 -9999 -9999 -9999 -9999 -9999 -9999 -9999 -9999 -9999 -9999 -9999 -9999 -9999 -9999 -9999 -9999 -9999 -9999 -9999 -9999 -9999 -9999 -9999 -9999 -9999 -9999 -9999 -9999 -9999 -9999 -9999 -9999 
-9999 -9999 -9999 -9999 -9999 -9999 -9999 -9999 -9999 -9999 -9999 -9999 -9999 -9999 -9999 -9999 7304 7305 7306 7307 7308 7309 7310 7084 7197 7311 7312 7313 7314 7315 7316 7317 7318 7206 7319 7320 7321 7322 7323 7324 7325 7325 7214 7215 7326 -9999 7328 -9999 7330 -9999 -9999 -9999 -9999 -9999 -9999 -9999 -9999 -9999 -9999 -9999 -9999 -9999 -9999 -9999 -9999 -9999 -9999 -9999 -9999 -9999 -9999 -9999 -9999 -9999 -9999 -9999 -9999 -9999 -9999 -9999 -9999 -9999 -9999 -9999 
-9999 -9999 -9999 -9999 -9999 -9999 -9999 -9999 -9999 -9999 -9999 -9999 -9999 -9999 -9999 -9999 -9999 7412 7413 7414 7415 7416 7417 7418 7419 7420 7421 7422 7423 7424 7425 7426 7206 7206 7427 7428 7429 7430 7431 7432 7433 7434 7435 7436 7437 7437 7438 7439 7440 -9999 -9999 -9999 -9999 -9999 -9999 -9999 -9999 -9999 -9999 -9999 -9999 -9999 -9999 -9999 -9999 -9999 -9999 -9999 -9999 -9999 -9999 -9999 -9999 -9999 -9999 -9999 -9999 -9999 -9999 -9999 -9999 -9999 -9999 -9999 
-9999 -9999 -9999 -9999 -9999 -9999 -9999 -9999 -9999 -9999 -9999 -9999 -9999 -9999 -9999 -9999 7517 7518 7518 7519 7520 7521 7522 7523 7524 7525 7526 7527 7528 7529 7530 7531 7531 7532 7533 7534 7535 7536 7537 7432 7538 7436 7436 7436 7436 7539 7540 7541 7542 -9999 -9999 -9999 -9999 -9999 -9999 -9999 -9999 -9999 -9999 -9999 -9999 -9999 -9999 -9999 -9999 -9999 -9999 -9999 -9999 -9999 -9999 -9999 -9999 -9999 -9999 -9999 -9999 -9999 -9999 -9999 -9999 -9999 -9999 -9999 
-9999 -9999 -9999 -9999 -9999 -9999 -9999 -9999 -9999 -9999 -9999 -9999 -9999 -9999 -9999 7622 7623 7624 7625 7625 7626 7627 7628 7629 7630 7631 7632 7633 7634 7635 7636 7637 7638 7639 7640 7641 7642 7643 7643 7644 7538 7436 7645 7646 7646 7647 7648 7649 7650 7651 7652 -9999 -9999 -9999 -9999 -9999 -9999 -9999 -9999 -9999 -9999 -9999 -9999 -9999 -9999 -9999 -9999 -9999 -9999 -9999 -9999 -9999 -9999 -9999 -9999 -9999 -9999 -9999 -9999 -9999 -9999 -9999 -9999 -9999 
-9999 -9999 -9999 -9999 -9999 -9999 -9999 -9999 -9999 -9999 -9999 -9999 -9999 -9999 7731 7732 7733 7734 7735 7735 7736 7737 7737 7738 7739 7740 7741 7742 7743 7744 7745 7746 7747 7748 7749 7750 7751 7752 7753 7754 7755 7756 7757 7758 7759 7759 7760 7761 7762 7763 7764 -9999 -9999 -9999 -9999 -9999 -9999 -9999 -9999 -9999 -9999 -9999 -9999 -9999 -9999 -9999 -9999 -9999 -9999 -9999 -9999 -9999 -9999 -9999 -9999 -9999 -9999 -9999 -9999 -9999 -9999 -9999 -9999 -9999 
-9999 -9999 -9999 -9999 -9999 -9999 -9999 -9999 -9999 -9999 -9999 -9999 -9999 7842 7843 7844 7844 7845 7846 7847 7848 7848 7849 7850 7850 7851 7852 7853 7854 7854 7854 7855 7856 7857 7858 7859 7860 7861 7862 7754 7863 7863 7863 7863 7864 7864 7864 7865 7866 7867 7868 7869 -9999 7871 -9999 -9999 -9999 -9999 -9999 -9999 -9999 -9999 -9999 -9999 -9999 -9999 -9999 -9999 -9999 -9999 -9999 -9999 -9999 -9999 -9999 -9999 -9999 -9999 -9999 -9999 -9999 -9999 -9999 -9999 
-9999 -9999 -9999 -9999 -9999 -9999 -9999 -9999 -9999 -9999 -9999 -9999 -9999 7945 7946 7947 7948 7949 7950 7951 7952 7953 7954 7955 7956 7957 7958 7959 7960 7960 7960 7961 7962 7963 7858 7964 7965 7966 7967 7968 7969 7970 7971 7863 7972 7972 7973 7974 7975 7976 7977 7978 7979 7871 -9999 -9999 -9999 -9999 -9999 -9999 -9999 -9999 -9999 -9999 -9999 -9999 -9999 -9999 -9999 -9999 -9999 -9999 -9999 -9999 -9999 -9999 -9999 -9999 -9999 -9999 -9999 -9999 -9999 -9999 
-9999 -9999 -9999 -9999 -9999 -9999 -9999 -9999 -9999 -9999 -9999 -9999 8057 8058 8059 8060 8061 8062 8063 8064 8065 8066 8067 8067 8067 8068 8069 8070 8070 8070 8071 8072 8073 8074 8075 7964 8076 8077 8078 8079 8080 8081 8082 8082 8083 7973 7973 7974 8084 8085 7977 8086 8087 8088 7980 8089 8090 -9999 -9999 -9999 -9999 -9999 -9999 -9999 -9999 -9999 -9999 -9999 -9999 -9999 -9999 -9999 -9999 -9999 -9999 -9999 -9999 -9999 -9999 -9999 -9999 -9999 -9999 -9999 
-9999 -9999 -9999 -9999 -9999 -9999 -9999 -9999 -9999 -9999 -9999 -9999 -9999 8168 8168 8169 8169 8169 8170 8171 8172 8173 8174 8174 8174 8175 8176 8177 8177 8178 8179 8180 8181 8182 8183 8184 8185 8186 8187 8188 8189 8190 8191 8192 8193 7973 8194 8195 8195 8196 8197 8197 8087 8088 7980 8089 8198 8091 -9999 -9999 -9999 -9999 -9999 -9999 -9999 -9999 -9999 -9999 -9999 -9999 -9999 -9999 -9999 -9999 -9999 -9999 -9999 -9999 -9999 -9999 -9999 -9999 -9999 -9999 
-9999 -9999 -9999 -9999 -9999 -9999 -9999 -9999 -9999 -9999 -9999 -9999 8166 8275 8276 8277 8278 8279 8280 8281 8282 8283 8284 8284 8285 8286 8287 8288 8289 8290 8291 8180 8292 8293 8293 8294 8295 8296 8297 8298 8299 8300 8191 8192 8301 8302 8303 8304 8305 8306 8307 8197 8087 8088 8308 8309 8310 -9999 -9999 -9999 -9999 -9999 -9999 -9999 -9999 -9999 -9999 -9999 -9999 -9999 -9999 -9999 -9999 -9999 -9999 -9999 -9999 -9999 -9999 -9999 -9999 -9999 -9999 -9999 
-9999 -9999 -9999 -9999 -9999 -9999 -9999 -9999 -9999 -9999 -9999 -9999 -9999 8388 8389 8390 8391 8392 8393 8394 8394 8395 8396 8397 8398 8399 8400 8401 8402 8403 8404 8405 8405 8293 8406 8406 8407 8408 8409 8410 8411 8412 8413 8414 8415 8416 8417 8418 8419 8420 8420 8421 8422 8423 8424 -9999 -9999 -9999 -9999 -9999 -9999 -9999 -9999 -9999 -9999 -9999 -9999 -9999 -9999 -9999 -9999 -9999 -9999 -9999 -9999 -9999 -9999 -9999 -9999 -9999 -9999 -9999 -9999 -9999 
-9999 -9999 -9999 -9999 -9999 -9999 -9999 -9999 -9999 -9999 -9999 -9999 8499 8500 8501 8501 8502 8503 8504 8505 8505 8506 8507 8508 8509 8510 8511 8512 8513 8514 8404 8515 8516 8517 8518 8519 8519 8520 8521 8522 8522 8523 8413 8524 8525 8525 8526 8527 8528 8529 8421 8421 8530 8531 8532 -9999 -9999 -9999 -9999 -9999 -9999 -9999 -9999 -9999 -9999 -9999 -9999 -9999 -9999 -9999 -9999 -9999 -9999 -9999 -9999 -9999 -9999 -9999 -9999 -9999 -9999 -9999 -9999 -9999 
-9999 -9999 -9999 -9999 -9999 -9999 -9999 -9999 -9999 -9999 -9999 8612 8613 8614 8615 8616 8617 8618 8619 8620 8505 8621 8622 8623 8624 8625 8625 8626 8627 8628 8629 8629 8630 8631 8631 8632 8633 8634 8522 8522 8635 8636 8636 8637 8638 8639 8640 8641 8642 8643 8644 8644 8530 8645 8646 -9999 -9999 -9999 -9999 -9999 -9999 -9999 -9999 -9999 -9999 -9999 -9999 -9999 -9999 -9999 -9999 -9999 -9999 -9999 -9999 -9999 -9999 -9999 -9999 -9999 -9999 -9999 -9999 -9999 
-9999 -9999 -9999 -9999 -9999 -9999 -9999 -9999 -9999 8714 8715 8716 8717 8718 8719 8720 8721 8722 8723 8724 8725 8726 8726 8727 8728 8729 8730 8731 8732 8733 8734 8735 8736 8737 8738 8739 8740 8741 8742 8743 8744 8745 8745 8746 8747 8748 8749 8750 8751 8752 8753 8754 8530 8755 8646 -9999 -9999 -9999 -9999 -9999 -9999 -9999 -9999 -9999 -9999 -9999 -9999 -9999 -9999 -9999 -9999 -9999 -9999 -9999 -9999 -9999 -9999 -9999 -9999 -9999 -9999 -9999 -9999 -9999 
-9999 -9999 -9999 -9999 -9999 -9999 -9999 8818 8713 8819 8820 8821 8822 8823 8824 8825 8826 8827 8828 8829 8829 8830 8831 8832 8833 8834 8730 8835 8836 8837 8838 8735 8839 8840 8841 8842 8843 8844 8845 8846 8847 8848 8849 8850 8851 8852 8853 8750 8854 -9999 -9999 8857 8530 8755 -9999 -9999 -9999 -9999 -9999 -9999 -9999 -9999 -9999 -9999 -9999 -9999 -9999 -9999 -9999 -9999 -9999 -9999 -9999 -9999 -9999 -9999 -9999 -9999 -9999 -9999 -9999 -9999 -9999 -9999 
-9999 -9999 -9999 -9999 -9999 -9999 -9999 8920 8921 8922 8923 8924 8925 8926 8927 8928 8929 8930 8931 8932 8933 8934 8935 8936 8937 8938 8939 8940 8836 8941 8942 8735 8943 8944 8841 8841 8841 8945 8946 8947 8948 8949 8950 8951 8952 8952 -9999 -9999 -9999 -9999 -9999 -9999 8958 -9999 -9999 -9999 -9999 -9999 -9999 -9999 -9999 -9999 -9999 -9999 -9999 -9999 -9999 -9999 -9999 -9999 -9999 -9999 -9999 -9999 -9999 -9999 -9999 -9999 -9999 -9999 -9999 -9999 -9999 -9999 
-9999 -9999 -9999 -9999 -9999 -9999 9029 9030 9031 9032 9033 9034 9035 9036 9037 9037 9038 9039 9040 9041 9042 9043 9044 9045 9046 9047 9047 8940 9048 8941 9049 8735 9050 9051 9052 9053 8841 8945 9054 9055 9056 9057 9058 9059 -9999 -9999 -9999 -9999 -9999 -9999 -9999 -9999 -9999 -9999 -9999 -9999 -9999 -9999 -9999 -9999 -9999 -9999 -9999 -9999 -9999 -9999 -9999 -9999 -9999 -9999 -9999 -9999 -9999 -9999 -9999 -9999 -9999 -9999 -9999 -9999 -9999 -9999 -9999 -9999 
-9999 -9999 -9999 -9999 -9999 9132 9133 9134 9135 9136 9137 9138 9139 9140 9141 9141 9142 9143 9144 9145 9146 9147 9148 9149 9150 9151 9152 9153 9154 9155 9156 9157 9158 9158 9159 9160 9161 9162 9163 9164 9056 9165 9166 9167 -9999 -9999 -9999 -9999 -9999 -9999 -9999 -9999 -9999 -9999 -9999 -9999 -9999 -9999 -9999 -9999 -9999 -9999 -9999 -9999 -9999 -9999 -9999 -9999 -9999 -9999 -9999 -9999 -9999 -9999 -9999 -9999 -9999 -9999 -9999 -9999 -9999 -9999 -9999 -9999 
-9999 -9999 -9999 -9999 -9999 -9999 9235 9236 9237 9238 9239 9240 9241 9242 9243 9243 9244 9143 9245 9246 9247 9248 9249 9250 9251 9252 9253 9254 9255 9256 9257 9258 9259 9260 9261 9261 9261 9262 9263 9164 9264 9264 9166 9167 -9999 -9999 -9999 -9999 -9999 -9999 -9999 -9999 -9999 -9999 -9999 -9999 -9999 -9999 -9999 -9999 -9999 -9999 -9999 -9999 -9999 -9999 -9999 -9999 -9999 -9999 -9999 -9999 -9999 -9999 -9999 -9999 -9999 -9999 -9999 -9999 -9999 -9999 -9999 -9999 
-9999 -9999 -9999 -9999 -9999 -9999 9331 9332 9333 9334 9335 9336 9337 9338 9339 9243 9340 9341 9342 9343 9344 9345 9346 9347 9348 9349 9350 9351 9255 9256 9352 9353 9354 9354 9354 9355 9356 9357 9358 9359 9360 9361 9362 -9999 -9999 -9999 -9999 -9999 -9999 -9999 -9999 -9999 -9999 -9999 -9999 -9999 -9999 -9999 -9999 -9999 -9999 -9999 -9999 -9999 -9999 -9999 -9999 -9999 -9999 -9999 -9999 -9999 -9999 -9999 -9999 -9999 -9999 -9999 -9999 -9999 -9999 -9999 -9999 -9999 
-9999 -9999 -9999 -9999 -9999 9433 9434 9435 9436 9437 9438 9439 9440 9441 9442 9443 9444 9445 9446 9343 9447 9448 9449 9450 9451 9452 9453 9454 9454 9455 9352 9456 9457 9457 9458 9459 9460 9461 9462 9463 9464 9465 9466 -9999 -9999 -9999 -9999 -9999 -9999 -9999 -9999 -9999 -9999 -9999 -9999 -9999 -9999 -9999 -9999 -9999 -9999 -9999 -9999 -9999 -9999 -9999 -9999 -9999 -9999 -9999 -9999 -9999 -9999 -9999 -9999 -9999 -9999 -9999 -9999 -9999 -9999 -9999 -9999 -9999 
-9999 -9999 -9999 -9999 -9999 9530 9531 9532 9533 9534 9535 9536 9537 9538 9539 9540 9541 9542 9543 9544 9545 9546 9547 9548 9549 9550 9551 9552 9553 9554 9555 9556 9557 9558 9559 9560 9561 9461 9562 9563 9564 9564 9565 -9999 -9999 -9999 -9999 -9999 -9999 -9999 -9999 -9999 -9999 -9999 -9999 -9999 -9999 -9999 -9999 -9999 -9999 -9999 -9999 -9999 -9999 -9999 -9999 -9999 -9999 -9999 -9999 -9999 -9999 -9999 -9999 -9999 -9999 -9999 -9999 -9999 -9999 -9999 -9999 -9999 
-9999 -9999 -9999 -9999 -9999 9642 9643 9644 9645 9646 9647 9648 9649 9538 9650 9651 9652 9653 9654 9655 9656 9657 9658 9658 9659 9660 9661 9662 9663 9664 9665 9666 9667 9668 9669 9670 9671 9672 9673 9674 9675 9676 9677 9678 -9999 9680 9681 -9999 -9999 -9999 -9999 -9999 -9999 -9999 -9999 -9999 -9999 -9999 -9999 -9999 -9999 -9999 -9999 -9999 -9999 -9999 -9999 -9999 -9999 -9999 -9999 -9999 -9999 -9999 -9999 -9999 -9999 -9999 -9999 -9999 -9999 -9999 -9999 -9999 
-9999 -9999 -9999 -9999 -9999 9754 9755 9756 9757 9758 9759 9760 9761 9762 9763 9764 9765 9766 9767 9768 9769 9770 9771 9772 9773 9774 9775 9776 9777 9777 9778 9779 9780 9781 9782 9783 9784 9785 9786 9674 9787 9788 9789 9790 9791 9792 9793 -9999 -9999 -9999 -9999 -9999 -9999 -9999 -9999 -9999 -9999 -9999 -9999 -9999 -9999 -9999 -9999 -9999 -9999 -9999 -9999 -9999 -9999 -9999 -9999 -9999 -9999 -9999 -9999 -9999 -9999 -9999 -9999 -9999 -9999 -9999 -9999 -9999 
-9999 -9999 -9999 -9999 -9999 9866 9866 9867 9868 9869 9870 9871 9872 9873 9874 9875 9876 9876 9877 9878 9878 9879 9880 9881 9882 9883 9884 9885 9886 9887 9888 9889 9890 9891 9782 9892 9893 9894 9895 9896 9896 9897 9898 9899 9899 9792 9900 9901 9902 -9999 -9999 -9999 -9999 -9999 -9999 -9999 -9999 -9999 -9999 -9999 -9999 -9999 -9999 -9999 -9999 -9999 -9999 -9999 -9999 -9999 -9999 -9999 -9999 -9999 -9999 -9999 -9999 -9999 -9999 -9999 -9999 -9999 -9999 -9999 
-9999 -9999 -9999 -9999 9980 9981 9982 9983 9984 9985 9986 9987 9988 9989 9990 9991 9992 9992 9992 9993 9994 9995 9996 9997 9998 9883 9999 10000 10001 10002 10003 10004 10005 10006 9782 10007 10008 10009 9895 10010 10010 10011 10012 10013 10014 10015 10016 10017 10018 -9999 -9999 -9999 -9999 -9999 -9999 -9999 -9999 -9999 -9999 -9999 -9999 -9999 -9999 -9999 -9999 -9999 -9999 -9999 -9999 -9999 -9999 -9999 -9999 -9999 -9999 -9999 -9999 -9999 -9999 -9999 -9999 -9999 -9999 -9999 
-9999 -9999 -9999 -9999 10089 10090 10091 10092 10093 10094 10095 10096 10097 10098 10099 10100 10101 10101 10102 10103 10104 10105 10105 10106 10107 10108 10109 10110 10111 10112 10113 10114 10005 10115 10116 10117 10118 10119 10120 10121 10122 10123 10124 10125 10126 10127 10128 10129 10130 10131 -9999 -9999 -9999 -9999 -9999 -9999 -9999 -9999 -9999 -9999 -9999 -9999 -9999 -9999 -9999 -9999 -9999 -9999 -9999 -9999 -9999 -9999 -9999 -9999 -9999 -9999 -9999 -9999 -9999 -9999 -9999 -9999 -9999 -9999 
-9999 -9999 -9999 -9999 10209 10210 10210 10211 10211 10212 10213 10214 10097 10215 10216 10216 10217 10218 10219 10220 10221 10222 10223 10106 10224 10225 10226 10226 10111 10227 10228 10229 10230 10231 10232 10233 10234 10235 10236 10237 10238 10239 10240 10241 10242 10243 10244 10244 10245 10246 -9999 -9999 -9999 -9999 -9999 -9999 -9999 -9999 -9999 -9999 -9999 -9999 -9999 -9999 -9999 -9999 -9999 -9999 -9999 -9999 -9999 -9999 -9999 -9999 -9999 -9999 -9999 -9999 -9999 -9999 -9999 -9999 -9999 -9999 
-9999 -9999 -9999 -9999 10324 10324 10325 10325 10326 10327 10328 10329 10329 10330 10331 10332 10333 10334 10335 10336 10337 10338 10339 10340 10341 10342 10343 10226 10344 10345 10346 10347 10348 10349 10349 10350 10350 10351 10352 10353 10354 10355 10356 10357 10358 10359 10360 10361 10245 10246 10362 -9999 10364 10364 10365 10252 10253 10366 -9999 -9999 -9999 -9999 -9999 -9999 -9999 -9999 -9999 -9999 -9999 -9999 -9999 -9999 -9999 -9999 -9999 -9999 -9999 -9999 -9999 -9999 -9999 -9999 -9999 -9999 
-9999 -9999 -9999 -9999 10436 10437 10437 10437 10438 10438 10439 10439 10440 10441 10442 10443 10444 10445 10446 10447 10448 10449 10449 10450 10451 10452 10453 10454 10455 10456 10457 10458 10459 10460 10461 10462 10463 10464 10465 10466 10467 10468 10469 10470 10471 10472 10473 10474 10475 10476 10477 10478 10479 10480 10481 10481 10482 10483 10484 -9999 -9999 -9999 -9999 -9999 -9999 -9999 -9999 -9999 -9999 -9999 -9999 -9999 -9999 -9999 -9999 -9999 -9999 -9999 -9999 -9999 -9999 -9999 -9999 -9999 
-9999 -9999 -9999 -9999 10554 10555 10556 10557 10557 10558 10559 10559 10560 10561 10562 10563 10564 10565 10566 10567 10568 10569 10570 10571 10572 10573 10574 10575 10576 10577 10578 10579 10580 10581 10581 10582 10583 10584 10585 10586 10587 10588 10589 10590 10591 10592 10592 10593 10594 10595 10596 10597 10597 10598 10599 10600 10601 10602 10603 -9999 -9999 -9999 -9999 -9999 -9999 -9999 -9999 -9999 -9999 -9999 -9999 -9999 -9999 -9999 -9999 -9999 -9999 -9999 -9999 -9999 -9999 -9999 -9999 -9999 
-9999 -9999 -9999 10673 10674 10675 10676 10677 10678 10678 10679 10680 10681 10682 10683 10683 10684 10685 10686 10687 10688 10689 10690 10691 10692 10693 10694 10695 10696 10697 10698 10699 10700 10701 10702 10702 10703 10704 10705 10706 10707 10708 10709 10710 10711 10712 10713 10714 10715 10716 10717 10718 10719 10719 10720 10721 10722 10722 10723 10724 10725 -9999 -9999 -9999 -9999 -9999 -9999 -9999 -9999 -9999 -9999 -9999 -9999 -9999 -9999 -9999 -9999 -9999 -9999 -9999 -9999 -9999 -9999 -9999 
-9999 -9999 10788 10789 10790 10791 10792 10793 10794 10795 10796 10797 10798 10799 10800 10801 10802 10803 10804 10805 10806 10807 10808 10809 10810 10811 10812 10813 10814 10815 10816 10817 10818 10819 10820 10821 10822 10823 10824 10825 10826 10827 10828 10829 10830 10831 10832 10833 10834 10835 10836 10837 10838 10838 10839 10840 10841 10842 10843 10844 10844 10726 -9999 -9999 -9999 -9999 -9999 -9999 -9999 -9999 -9999 -9999 -9999 -9999 -9999 -9999 -9999 -9999 -9999 -9999 -9999 -9999 -9999 -9999 
-9999 10786 10907 10908 10909 10909 10910 10911 10912 10913 10914 10915 10916 10917 10918 10919 10920 10921 10922 10923 10924 10924 10925 10926 10927 10928 10929 10930 10931 10932 10933 10934 10935 10936 10937 10938 10939 10940 10941 10942 10943 10944 10945 10946 10947 10948 10949 10950 10951 10952 10953 10954 10955 10956 10957 10958 10959 10960 10961 10962 10963 10964 10964 10965 -9999 10847 10967 -9999 -9999 -9999 -9999 -9999 -9999 -9999 -9999 -9999 -9999 -9999 -9999 -9999 -9999 -9999 -9999 -9999 
11028 11028 11029 11030 11031 11032 11033 11033 11034 11034 11035 11035 11036 11037 11038 11039 11040 11041 11042 11043 11044 11045 11046 11047 11048 11049 11050 11051 11052 11053 11054 11055 11056 11057 11058 11059 11060 11061 11062 11063 11064 11065 11066 11067 11067 11068 11069 11070 11071 11072 11073 11074 11075 11076 11077 11078 11079 11080 11080 11080 11081 11082 11083 11084 11085 11086 10967 11087 11088 11089 -9999 -9999 -9999 -9999 -9999 -9999 -9999 -9999 -9999 -9999 -9999 -9999 -9999 -9999 
11147 11148 11149 11150 11151 11152 11153 11153 11154 11155 11156 11157 11158 11159 11160 11161 11162 11163 11164 11165 11165 11165 11165 11166 11167 11168 11169 11170 11171 11172 11173 11174 11175 11176 11177 11178 11179 11180 11181 11182 11183 11184 11185 11186 11186 11187 11188 11189 11190 11191 11192 11193 11193 11193 11194 11194 11195 11196 11197 11198 11199 11200 11201 11202 11203 11204 11205 11206 11206 11207 11090 11208 11209 11210 11211 -9999 -9999 -9999 -9999 -9999 -9999 -9999 -9999 -9999 
-9999 11268 11269 11270 11271 11272 11273 11274 11274 11275 11276 11277 11278 11279 11280 11281 11282 11283 11284 11285 11286 11287 11288 11288 11289 11290 11291 11292 11293 11294 11295 11296 11297 11298 11299 11300 11301 11302 11303 11304 11305 11306 11307 11308 11309 11310 11311 11312 11313 11314 11315 11316 11317 11318 11319 11320 11321 11322 11323 11324 11325 11326 11327 11328 11329 11330 11331 11331 11206 11332 11333 11334 11334 11335 11211 11336 -9999 -9999 -9999 -9999 -9999 -9999 -9999 -9999 
-9999 11391 11392 11393 11394 11395 11396 11397 11397 11398 11399 11400 11400 11401 11402 11403 11404 11405 11406 11407 11408 11408 11409 11410 11411 11412 11413 11414 11415 11416 11417 11418 11419 11420 11421 11422 11423 11424 11425 11426 11427 11428 11429 11430 11431 11432 11433 11434 11435 11436 11437 11438 11439 11440 11441 11442 11443 11444 11445 11446 11447 11448 11449 11450 11451 11452 11453 11454 11455 11456 11457 11458 11459 11460 11461 11462 11463 -9999 -9999 -9999 -9999 -9999 -9999 -9999 
-9999 11512 11513 11514 11515 11516 11517 11518 11518 11519 11520 11520 11521 11522 11523 11524 11525 11526 11527 11528 11528 11529 11530 11531 11532 11533 11534 11535 11536 11537 11537 11538 11539 11540 11541 11542 11543 11544 11545 11546 11547 11548 11549 11549 11550 11551 11552 11553 11554 11555 11556 11557 11558 11559 11560 11561 11562 11562 11563 11563 11564 11565 11566 11567 11568 11569 11570 11571 11572 11573 11574 11575 11576 11577 11578 11579 11580 11464 11465 -9999 -9999 -9999 -9999 -9999 
-9999 -9999 11626 11627 11628 11629 11630 11631 11632 11633 11634 11635 11636 11636 11637 11638 11638 11639 11640 11641 11642 11642 11643 11644 11645 11646 11647 11648 11649 11650 11650 11651 11652 11653 11654 11655 11656 11657 11658 11659 11660 11661 11662 11663 11664 11665 11666 11667 11668 11669 11670 11671 11672 11673 11674 11675 11676 11676 11677 11678 11679 11679 11680 11681 11681 11682 11683 11684 11685 11686 11687 11688 11689 11690 11578 11691 11692 11464 -9999 -9999 -9999 -9999 -9999 -9999 
-9999 -9999 11744 11745 11746 11747 11748 11749 11750 11751 11751 11752 11753 11754 11637 11638 11755 11755 11756 11757 11758 11759 11760 11761 11762 11763 11764 11765 11766 11767 11768 11769 11770 11771 11772 11773 11774 11775 11776 11777 11778 11779 11780 11781 11782 11783 11784 11785 11786 11787 11787 11788 11789 11790 11791 11792 11793 11794 11794 11795 11796 11796 11797 11798 11799 11800 11801 11802 11803 11804 11805 11688 11806 11690 11807 11808 11809 11464 11693 -9999 -9999 -9999 -9999 -9999 
-9999 -9999 11861 11745 11862 11863 11864 11865 11866 11867 11868 11869 11870 11871 11872 11873 11874 11875 11876 11877 11878 11879 11880 11881 11882 11883 11884 11885 11886 11886 11887 11887 11888 11889 11890 11891 11892 11893 11894 11895 11896 11897 11898 11899 11900 11901 11902 11903 11903 11903 11904 11905 11906 11907 11908 11909 11910 11911 11912 11913 11913 11914 11914 11915 11916 11917 11918 11919 11920 11804 11921 11922 11923 11924 11925 11926 11927 11928 11929 11930 -9999 -9999 -9999 -9999 
-9999 -9999 11976 11977 11978 11979 11980 11981 11866 11982 11983 11984 11985 11986 11987 11988 11989 11990 11991 11992 11993 11994 11995 11996 11997 11998 11999 12000 12001 12002 12003 12004 12005 11889 12006 12007 12008 12009 12010 12011 12012 12012 12013 12014 12015 12016 12017 12018 12019 12020 12021 12022 12023 12024 12025 12026 12027 12028 12029 12030 12031 12031 12032 12033 12034 12035 12036 12037 12038 12039 12040 12041 12042 12043 12044 11926 12045 12046 11929 -9999 -9999 -9999 -9999 -9999 
-9999 -9999 12089 12090 12091 12092 12093 12094 12095 12096 12097 12098 12099 12100 12101 12102 12103 12104 12105 12106 12107 12108 11995 12109 12109 12110 12110 12110 12110 12111 12112 12113 12114 12115 12116 12117 12118 12119 12120 12120 12121 12122 12123 12124 12125 12126 12127 12128 12129 12130 12131 12132 12133 12134 12135 12136 12137 12138 12139 12140 12141 12141 12142 12143 12034 12144 12145 12146 12147 12148 12149 12150 12151 12152 12153 12154 12155 12156 -9999 -9999 -9999 -9999 -9999 -9999 
-9999 -9999 -9999 12205 12206 12207 12208 12209 12210 12211 12212 12213 12214 12215 12216 12217 12218 12219 12220 12221 12222 12223 12224 12225 12226 12227 12228 12228 12229 12229 12230 12231 12232 12233 12234 12235 12236 12237 12238 12239 12240 12241 12242 12243 12244 12245 12246 12247 12248 12249 12250 12251 12251 12252 12253 12254 12255 12256 12257 12258 12258 12259 12260 12261 12262 12263 12145 12264 12265 12266 12267 12268 12269 12270 12271 12272 12273 12274 -9999 -9999 -9999 -9999 -9999 -9999 
-9999 -9999 -9999 12320 12321 12322 12323 12324 12325 12326 12327 12328 12329 12330 12331 12332 12333 12334 12335 12336 12337 12338 12339 12340 12341 12342 12343 12344 12345 12346 12347 12348 12349 12350 12351 12352 12353 12354 12355 12356 12357 12357 12358 12359 12360 12361 12362 12363 12364 12365 12366 12367 12368 12369 12370 12254 12371 12372 12373 12373 12374 12375 12376 12377 12378 12379 12145 12380 12381 12382 12383 12384 12385 12386 12387 12388 12389 12390 12391 12392 -9999 -9999 -9999 -9999 
-9999 -9999 -9999 12442 12443 12444 12445 12446 12447 12448 12449 12450 12450 12451 12452 12453 12454 12455 12455 12456 12457 12458 12459 12459 12459 12459 12460 12461 12462 12463 12464 12465 12466 12467 12468 12469 12470 12471 12471 12472 12473 12474 12475 12476 12477 12478 12479 12480 12481 12482 12483 12484 12485 12369 12486 12254 12487 12488 12489 12490 12490 12491 12492 12493 12494 12495 12496 12497 12498 12499 12500 12501 12502 12503 12504 12505 12506 12507 12508 -9999 -9999 -9999 -9999 -9999 
-9999 -9999 -9999 -9999 12557 12558 12559 12560 12561 12562 12563 12564 12565 12565 12565 12566 12567 12568 12569 12570 12571 12571 12571 12572 12573 12574 12575 12576 12577 12463 12578 12579 12580 12581 12582 12583 12584 12585 12586 12587 12588 12589 12590 12591 12592 12593 12594 12595 12596 12597 12598 12599 12600 12601 12486 12602 12603 12603 12604 12605 12490 12490 12606 12607 12608 12609 12610 12611 12612 12613 12614 12615 12616 12617 12618 12619 12620 12621 12622 12623 -9999 -9999 -9999 -9999 
-9999 -9999 -9999 -9999 12674 12675 12676 12677 12678 12679 12680 12564 12565 12681 12682 12683 12684 12685 12686 12687 12687 12688 12688 12689 12690 12691 12692 12692 12693 12694 12695 12696 12697 12698 12699 12700 12701 12702 12703 12704 12705 12706 12590 12707 12708 12709 12710 12595 12711 12712 12713 12714 12715 12716 12717 12718 12719 12719 12720 12721 12722 12723 12606 12724 12725 12726 12727 12728 12729 12730 12731 12732 12733 12734 12735 12736 12737 12738 12739 -9999 -9999 -9999 -9999 -9999 
-9999 -9999 -9999 -9999 -9999 12788 12676 12789 12790 12791 12792 12793 12794 12795 12796 12797 12798 12685 12686 12799 12800 12801 12802 12803 12804 12805 12806 12807 12808 12809 12810 12811 12812 12813 12814 12815 12816 12817 12818 12819 12820 12821 12822 12823 12824 12825 12826 12827 12828 12828 12828 12829 12830 12831 12832 12833 12834 12835 12836 12837 12838 12839 12840 12841 12725 12842 12843 12844 12845 12846 12731 12847 12848 12848 12849 12850 12851 12738 12852 -9999 -9999 -9999 -9999 -9999 
-9999 -9999 -9999 -9999 -9999 -9999 12676 12789 12906 12907 12908 12909 12910 12911 12912 12913 12798 12685 12914 12800 12800 12801 12915 12916 12917 12805 12806 12918 12919 12920 12921 12922 12923 12924 12925 12926 12927 12928 12929 12930 12931 12932 12933 12934 12935 12936 12937 12938 12939 12940 12941 12942 12943 12944 12945 12946 12834 12947 12948 12949 12950 12951 12952 12953 12954 12955 12956 12957 12958 12959 12960 12961 12962 12963 12849 12964 12965 12966 -9999 -9999 -9999 -9999 -9999 -9999 
-9999 -9999 -9999 -9999 -9999 -9999 -9999 13017 13018 13019 13020 13021 13022 13023 13024 13025 12798 13026 13026 13027 13028 13029 13030 13031 13031 13032 13033 13034 13035 13036 13037 13038 13039 13040 13041 13041 13041 13042 13043 13044 13045 13046 13047 13048 13049 13050 13051 13052 13053 13054 13055 13056 13057 13058 13059 13060 13061 13061 13062 13063 13064 13065 13066 13067 13068 13069 13070 13071 13072 13073 13073 13074 13075 13076 13077 13078 13079 12966 12967 -9999 -9999 -9999 -9999 -9999 
-9999 -9999 -9999 -9999 -9999 -9999 -9999 13125 13126 13127 13128 13129 13130 13131 13132 13133 13134 13135 13135 13135 13136 13136 13137 13138 13139 13140 13141 13142 13143 13144 13145 13146 13147 13148 13149 13150 13151 13151 13152 13153 13154 13155 13156 13157 13158 13159 13160 13161 13162 13163 13164 13165 13057 13166 13167 13168 13169 13170 13171 13172 13173 13174 13175 13176 13177 13178 13179 13180 13181 13182 13183 13184 13185 13186 13187 13078 13188 13189 13190 13191 -9999 -9999 -9999 -9999 
-9999 -9999 -9999 -9999 -9999 -9999 -9999 -9999 -9999 13245 13246 13129 13247 13248 13249 13250 13251 13252 13253 13254 13255 13256 13256 13138 13257 13258 13259 13260 13261 13262 13263 13264 13265 13266 13267 13268 13269 13269 13270 13271 13272 13273 13274 13275 13276 13277 13278 13279 13280 13281 13282 13283 13284 13285 13286 13287 13288 13289 13289 13290 13291 13292 13293 13294 13177 13295 13296 13297 13298 13299 13300 13301 13302 13303 13304 13305 13306 13307 13308 -9999 -9999 -9999 -9999 -9999 
-9999 -9999 -9999 -9999 -9999 -9999 -9999 -9999 -9999 13362 13363 13364 13365 13366 13367 13368 13369 13370 13371 13372 13373 13374 13375 13138 13376 13377 13378 13379 13380 13381 13382 13383 13384 13385 13386 13387 13388 13388 13389 13390 13391 13392 13393 13394 13395 13396 13397 13398 13399 13281 13400 13401 13402 13403 13404 13405 13406 13407 13408 13409 13410 13411 13412 13413 13414 13415 13416 13417 13298 13418 13419 13420 13421 13303 13422 13423 13424 13425 13426 -9999 -9999 -9999 -9999 -9999 
-9999 -9999 -9999 -9999 -9999 -9999 -9999 -9999 -9999 -9999 13484 13485 13486 13487 13488 13489 13490 13491 13491 13492 13493 13494 13495 13496 13497 13498 13499 13500 13501 13502 13503 13504 13505 13506 13507 13508 13509 13510 13511 13390 13391 13512 13513 13514 13515 13516 13517 13518 13519 13520 13521 13522 13523 13524 13525 13526 13527 13528 13408 13409 13410 13529 13530 13531 13532 13533 13416 13417 13534 13535 13536 13537 13538 13539 13540 13541 13542 13543 -9999 -9999 -9999 -9999 -9999 -9999 
-9999 -9999 -9999 -9999 -9999 -9999 -9999 -9999 -9999 -9999 13604 13485 13605 13606 13607 13608 13609 13610 13611 13611 13612 13613 13614 13615 13616 13617 13499 13618 13619 13620 13621 13622 13623 13506 13624 13625 13626 13627 13628 13629 13630 13631 13632 13633 13634 13635 13517 13636 13637 13638 13639 13640 13641 13642 13643 13644 13645 13646 13647 13648 13649 13650 13651 13531 13532 13533 13652 13653 13654 13655 13656 13657 13658 13659 13540 13660 13544 13544 -9999 -9999 -9999 -9999 -9999 -9999 
-9999 -9999 -9999 -9999 -9999 -9999 -9999 -9999 -9999 -9999 -9999 13719 13720 13721 13722 13723 13724 13725 13726 13727 13728 13729 13730 13731 13732 13733 13734 13735 13736 13737 13738 13739 13623 13740 13740 13741 13742 13743 13744 13745 13746 13747 13748 13749 13750 13751 13752 13753 13754 13755 13756 13757 13758 13759 13760 13761 13762 13763 13764 13765 13766 13767 13768 13768 13532 13769 13770 13771 13772 13773 13656 13774 13775 13776 13777 13778 13779 13780 -9999 -9999 -9999 -9999 -9999 -9999 
-9999 -9999 -9999 -9999 -9999 -9999 -9999 -9999 -9999 -9999 -9999 13844 13845 13846 13847 13848 13724 13849 13850 13851 13852 13853 13853 13854 13855 13856 13734 13857 13858 13859 13860 13861 13862 13863 13864 13865 13866 13867 13868 13869 13870 13871 13872 13749 13873 13874 13875 13876 13877 13878 13879 13880 13881 13882 13883 13884 13885 13886 13887 13888 13889 13890 13891 13892 13893 13894 13895 13896 13772 13897 13656 13898 13899 13900 13901 13902 13903 -9999 -9999 -9999 -9999 -9999 -9999 -9999 
-9999 -9999 -9999 -9999 -9999 -9999 -9999 -9999 -9999 -9999 -9999 13954 13955 13956 13957 13848 13958 13958 13959 13960 13961 13961 13961 13962 13963 13964 13965 13966 13967 13968 13968 13969 13970 13971 13972 13973 13974 13975 13976 13977 13977 13871 13978 13979 13980 13981 13982 13983 13984 13985 13986 13987 13988 13989 13990 13991 13992 13993 13994 13888 13995 13996 13997 13997 13998 13999 14000 14001 14002 14003 14004 14005 14006 14007 14008 14009 14010 -9999 -9999 -9999 -9999 -9999 -9999 -9999 
-9999 -9999 -9999 -9999 -9999 -9999 -9999 -9999 -9999 -9999 -9999 -9999 14067 14068 14069 14070 14071 14072 14073 14074 14075 14076 14077 14078 14079 14080 14081 14082 14083 14084 14085 14086 14087 14087 14088 14089 14090 14091 14092 14093 14094 14095 14096 14097 14098 14099 14100 14101 14102 14103 14104 14105 14106 13989 13990 14107 14108 14109 14110 14111 14112 14113 14114 14115 14116 14117 14118 14119 14120 14121 14122 14005 14123 14124 14125 14126 -9999 -9999 -9999 -9999 -9999 -9999 -9999 -9999 
-9999 -9999 -9999 -9999 -9999 -9999 -9999 -9999 -9999 -9999 -9999 -9999 14182 14183 14184 14185 14186 14187 14188 14189 14190 14190 14190 14191 14192 14193 14194 14194 14195 14195 14196 14197 14198 14199 14200 14201 14202 14203 14204 14205 14206 14207 14207 14208 14209 14210 14211 14212 14213 14214 14215 14216 14217 13989 14218 14219 14220 14221 14222 14223 14224 14113 14225 14226 14227 14228 14228 14229 14230 14231 14232 14233 14234 14235 14236 14237 -9999 -9999 -9999 -9999 -9999 -9999 -9999 -9999 
-9999 -9999 -9999 -9999 -9999 -9999 -9999 -9999 -9999 -9999 -9999 -9999 -9999 -9999 14299 14300 14301 14302 14188 14189 14303 14304 14304 14304 14305 14306 14307 14308 14309 14195 14310 14311 14312 14313 14314 14201 14315 14203 14316 14317 14318 14319 14320 14321 14322 14323 14324 14325 14326 14327 14328 14329 14217 14330 14331 14332 14333 14334 14335 14336 14337 14338 14339 14340 14341 14342 14343 14344 14345 14346 14347 14348 14349 14350 14236 14351 -9999 -9999 -9999 -9999 -9999 -9999 -9999 -9999 
-9999 -9999 -9999 -9999 -9999 -9999 -9999 -9999 -9999 -9999 -9999 -9999 -9999 -9999 -9999 14420 14421 14422 14423 14424 14425 14426 14427 14304 14428 14429 14430 14431 14432 14433 14434 14435 14312 14436 14437 14438 14439 14440 14441 14442 14443 14444 14320 14445 14446 14447 14448 14449 14450 14451 14452 14453 14454 14455 14456 14457 14458 14459 14460 14461 14462 14463 14339 14464 14465 14466 14467 14468 14469 14470 14471 14472 14473 14474 14475 14351 -9999 -9999 -9999 -9999 -9999 -9999 -9999 -9999 
-9999 -9999 -9999 -9999 -9999 -9999 -9999 -9999 -9999 -9999 -9999 -9999 -9999 -9999 -9999 -9999 14543 14544 14544 14544 14545 14546 14547 14548 14549 14550 14551 14552 14553 14433 14554 14555 14312 14556 14437 14557 14558 14559 14560 14561 14562 14563 14564 14565 14566 14567 14568 14569 14570 14570 14571 14572 14573 14574 14575 14576 14577 14578 14579 14461 14580 14581 14582 14464 14583 14584 14585 14586 14587 14588 14589 14590 14591 14592 14593 -9999 -9999 -9999 -9999 -9999 -9999 -9999 -9999 -9999 
-9999 -9999 -9999 -9999 -9999 -9999 -9999 -9999 -9999 -9999 -9999 -9999 -9999 -9999 -9999 -9999 14658 14659 14660 14661 14662 14663 14664 14664 14665 14666 14667 14668 14669 14670 14671 14672 14673 14674 14675 14676 14677 14678 14560 14679 14680 14681 14682 14683 14684 14685 14686 14687 14688 14689 14690 14691 14692 14693 14694 14695 14696 14697 14698 14699 14700 14581 14701 14702 14703 14704 14705 14706 14707 14708 14709 14710 14711 14712 14713 -9999 -9999 -9999 -9999 -9999 -9999 -9999 -9999 -9999 
-9999 -9999 -9999 -9999 -9999 -9999 -9999 -9999 -9999 -9999 -9999 -9999 -9999 -9999 -9999 -9999 -9999 14779 14780 14781 14782 14783 14784 14785 14786 14787 14788 14789 14790 14791 14792 14793 14794 14674 14795 14676 14796 14797 14798 14799 14800 14801 14802 14803 14804 14805 14806 14807 14808 14809 14810 14811 14812 14813 14814 14815 14816 14817 14818 14819 14820 14821 14822 14823 14824 14825 14826 14706 14827 14708 14828 14829 14830 14831 14832 -9999 -9999 -9999 -9999 -9999 -9999 -9999 -9999 -9999 
-9999 -9999 -9999 -9999 -9999 -9999 -9999 -9999 -9999 -9999 -9999 -9999 -9999 -9999 -9999 -9999 -9999 -9999 14900 14901 14901 14902 14903 14904 14905 14906 14906 14907 14908 14909 14910 14911 14912 14913 14913 14914 14796 14915 14916 14917 14918 14919 14920 14921 14922 14923 14924 14925 14926 14926 14927 14928 14929 14930 14931 14932 14816 14933 14934 14935 14936 14937 14938 14939 14940 14825 14941 14942 14943 14944 14828 14828 14945 14946 -9999 -9999 -9999 -9999 -9999 -9999 -9999 -9999 -9999 -9999 
-9999 -9999 -9999 -9999 -9999 -9999 -9999 -9999 -9999 -9999 -9999 -9999 -9999 -9999 -9999 -9999 -9999 -9999 -9999 15004 15004 15004 15005 15006 15007 15008 15008 15009 15010 15011 15012 15013 15014 15014 15015 15016 15017 14915 15018 14917 15019 15020 15021 15022 15023 15024 14924 15025 15026 15027 15028 15029 15030 14930 15031 15032 15033 14933 14934 15034 14936 15035 14938 15036 15037 15038 15039 15040 15041 15042 15043 15044 14945 15045 15046 -9999 -9999 -9999 -9999 -9999 -9999 -9999 -9999 -9999 
-9999 -9999 -9999 -9999 -9999 -9999 -9999 -9999 -9999 -9999 -9999 -9999 -9999 -9999 -9999 -9999 -9999 -9999 -9999 -9999 15121 15122 15123 15124 15125 15126 15127 15128 15129 15130 15130 15131 15132 15133 15134 15135 15136 15137 15138 15139 15140 15141 15142 15022 15143 15024 15144 15145 15146 15147 15148 15149 15150 15151 15152 15153 15154 15155 15156 15157 15158 15159 15160 15161 15162 15163 15164 15040 15041 15165 15166 15167 15168 15169 15170 -9999 -9999 -9999 -9999 -9999 -9999 -9999 -9999 -9999 
-9999 -9999 -9999 -9999 -9999 -9999 -9999 -9999 -9999 -9999 -9999 -9999 -9999 -9999 -9999 -9999 -9999 -9999 -9999 -9999 15241 15242 15243 15244 15245 15246 15247 15248 15248 15249 15249 15250 15251 15252 15253 15253 15254 15255 15256 15257 15258 15259 15260 15261 15143 15262 15263 15264 15265 15266 15267 15268 15269 15270 15271 15272 15273 15274 15156 15157 15275 15276 15277 15278 15162 15163 15279 15280 15281 15282 15283 15284 15168 15285 15286 15287 -9999 -9999 -9999 -9999 -9999 -9999 -9999 -9999 
-9999 -9999 -9999 -9999 -9999 -9999 -9999 -9999 -9999 -9999 -9999 -9999 -9999 -9999 -9999 -9999 -9999 -9999 -9999 -9999 15242 15242 15356 15357 15358 15359 15360 15361 15361 15362 15362 15363 15364 15365 15366 15366 15255 15255 15367 15368 15258 15369 15370 15371 15372 15373 15374 15375 15376 15377 15378 15379 15380 15381 15271 15382 15383 15274 15384 15385 15386 15387 15277 15278 15388 15389 15390 15391 15392 15282 15393 15394 15395 15396 15397 15398 15399 -9999 -9999 -9999 -9999 -9999 -9999 -9999 
-9999 -9999 -9999 -9999 -9999 -9999 -9999 -9999 -9999 -9999 -9999 -9999 -9999 -9999 -9999 -9999 -9999 -9999 -9999 -9999 -9999 15467 15356 15357 15468 15469 15470 15471 15472 15473 15474 15475 15476 15477 15478 15479 15480 15481 15482 15368 15483 15484 15485 15486 15487 15488 15489 15490 15491 15492 15493 15494 15495 15496 15497 15498 15499 15500 15501 15502 15503 15504 15505 15506 15507 15508 15509 15510 15511 15512 15513 15514 15515 15516 15517 15518 15519 15520 -9999 -9999 -9999 -9999 -9999 -9999 
-9999 -9999 -9999 -9999 -9999 -9999 -9999 -9999 -9999 -9999 -9999 -9999 -9999 -9999 -9999 -9999 -9999 -9999 -9999 -9999 -9999 15587 15588 15589 15590 15591 15592 15593 15594 15595 15596 15597 15598 15599 15600 15601 15602 15602 15603 15604 15605 15606 15607 15608 15609 15610 15611 15612 15613 15614 15615 15616 15617 15618 15619 15620 15621 15622 15623 15624 15625 15626 15627 15628 15629 15630 15631 15632 15633 15634 15635 15636 15637 15638 15638 15639 15640 15641 -9999 -9999 -9999 -9999 -9999 -9999 
-9999 -9999 -9999 -9999 -9999 -9999 -9999 -9999 -9999 -9999 -9999 -9999 -9999 -9999 -9999 -9999 -9999 -9999 -9999 -9999 -9999 15707 15708 15709 15710 15711 15712 15713 15714 15715 15716 15717 15718 15719 15720 15721 15722 15723 15724 15724 15725 15726 15727 15728 15729 15730 15731 15732 15733 15734 15735 15736 15737 15738 15738 15739 15740 15741 15742 15743 15744 15745 15746 15747 15748 15749 15750 15751 15752 15753 15754 15755 15756 15757 15758 15759 15760 15761 15641 15641 15762 -9999 -9999 -9999 
-9999 -9999 -9999 -9999 -9999 -9999 -9999 -9999 -9999 -9999 -9999 -9999 -9999 -9999 -9999 -9999 -9999 -9999 -9999 -9999 -9999 15820 15821 15822 15823 15823 15824 15825 15826 15827 15828 15829 15830 15831 15832 15833 15833 15834 15835 15835 15836 15837 15838 15839 15840 15841 15842 15843 15733 15844 15845 15846 15847 15848 15849 15850 15851 15852 15852 15853 15854 15855 15856 15857 15858 15859 15860 15861 15862 15863 15864 15865 15866 15867 15868 15869 15870 15871 15872 15872 15872 15873 -9999 -9999 
-9999 -9999 -9999 -9999 -9999 -9999 -9999 -9999 -9999 -9999 -9999 -9999 -9999 -9999 -9999 -9999 -9999 -9999 -9999 -9999 -9999 -9999 15939 15940 15941 15942 15943 15944 15945 15946 15947 15948 15949 15950 15951 15952 15953 15954 15955 15956 15957 15958 15959 15960 15961 15962 15963 15963 15964 15965 15966 15967 15968 15969 15970 15971 15972 15973 15974 15975 15976 15977 15978 15979 15980 15981 15982 15983 15984 15985 15986 15987 15988 15989 15990 15991 15992 15993 15994 15995 15872 15873 -9999 -9999 
-9999 -9999 -9999 -9999 -9999 -9999 -9999 -9999 -9999 -9999 -9999 -9999 -9999 -9999 -9999 -9999 -9999 -9999 -9999 -9999 -9999 -9999 -9999 -9999 16062 16063 16064 16065 16066 16066 16067 16068 16069 16070 16071 16072 16073 16074 16075 16076 16076 16077 16078 16079 16080 16081 16082 16083 16084 16085 16086 16087 16088 16089 16090 16091 16092 16093 16093 16094 16095 16096 16097 16098 16099 16100 16101 16102 16103 16104 16105 16106 16107 16108 16109 16110 16111 15993 15994 15995 15872 16112 16113 -9999 
-9999 -9999 -9999 -9999 -9999 -9999 -9999 -9999 -9999 -9999 -9999 -9999 -9999 -9999 -9999 -9999 -9999 -9999 -9999 -9999 -9999 -9999 -9999 -9999 -9999 -9999 -9999 16181 16182 16183 16184 16185 16186 16187 16188 16189 16190 16190 16190 16191 16192 16193 16194 16080 16080 16195 16196 16197 16198 16199 16200 16201 16202 16203 16204 16205 16206 16207 16208 16209 16210 16211 16212 16213 16213 16214 16215 16216 16217 16218 16219 16220 16221 16222 16222 16223 16224 15993 15994 16225 16225 16226 16227 -9999 
-9999 -9999 -9999 -9999 -9999 -9999 -9999 -9999 -9999 -9999 -9999 -9999 -9999 -9999 -9999 -9999 -9999 -9999 -9999 -9999 -9999 -9999 -9999 -9999 -9999 -9999 -9999 -9999 -9999 16294 16295 16296 16297 16187 16298 16299 16300 16301 16302 16303 16304 16304 16305 16306 16307 16308 16309 16310 16311 16312 16313 16314 16315 16316 16317 16318 16319 16320 16321 16322 16323 16324 16324 16325 16326 16327 16328 16329 16330 16331 16332 16333 16334 16335 16336 16336 16224 15993 15994 16225 16337 16338 16339 16340 
-9999 -9999 -9999 -9999 -9999 -9999 -9999 -9999 -9999 -9999 -9999 -9999 -9999 -9999 -9999 -9999 -9999 -9999 -9999 -9999 -9999 -9999 -9999 -9999 -9999 -9999 -9999 -9999 -9999 16408 16409 16410 16411 16412 16413 16414 16415 16416 16417 16417 16418 16418 16419 16420 16421 16308 16422 16310 16423 16424 16425 16426 16427 16428 16429 16430 16431 16431 16432 16433 16434 16435 16436 16436 16437 16438 16439 16440 16441 16442 16443 16444 16445 16446 16446 16447 16224 15993 15994 16448 16449 16338 16450 16340 
-9999 -9999 -9999 -9999 -9999 -9999 -9999 -9999 -9999 -9999 -9999 -9999 -9999 -9999 -9999 -9999 -9999 -9999 -9999 -9999 -9999 -9999 -9999 -9999 -9999 -9999 -9999 -9999 -9999 -9999 -9999 -9999 -9999 16524 16525 16526 16527 16528 16529 16529 16530 16530 16531 16532 16533 16534 16535 16536 16423 16424 16537 16538 16539 16540 16541 16542 16543 16544 16545 16546 16547 16548 16549 16550 16550 16550 16551 16552 16553 16554 16555 16556 16557 16558 16559 16560 16561 16562 16563 16564 16565 16566 16567 16340 
-9999 -9999 -9999 -9999 -9999 -9999 -9999 -9999 -9999 -9999 -9999 -9999 -9999 -9999 -9999 -9999 -9999 -9999 -9999 -9999 -9999 -9999 -9999 -9999 -9999 -9999 -9999 -9999 -9999 -9999 -9999 -9999 -9999 -9999 16642 16643 16644 16645 16646 16646 16647 16648 16649 16650 16651 16535 16535 16652 16653 16654 16655 16656 16657 16658 16659 16660 16661 16662 16663 16664 16665 16666 16666 16667 16668 16668 16669 16669 16670 16671 16672 16673 16674 16675 16676 16677 16678 16679 16680 16681 16682 16683 16684 16684 
-9999 -9999 -9999 -9999 -9999 -9999 -9999 -9999 -9999 -9999 -9999 -9999 -9999 -9999 -9999 -9999 -9999 -9999 -9999 -9999 -9999 -9999 -9999 -9999 -9999 -9999 -9999 -9999 -9999 -9999 -9999 -9999 -9999 -9999 -9999 -9999 -9999 -9999 16759 16760 16761 16762 16763 16764 16765 16766 16767 16768 16769 16770 16771 16656 16657 16772 16773 16660 16661 16774 16775 16776 16777 16778 16779 16780 16781 16782 16783 16784 16785 16786 16787 16788 16674 16789 16790 16791 16792 16793 16794 16795 16796 16797 16798 -9999 
-9999 -9999 -9999 -9999 -9999 -9999 -9999 -9999 -9999 -9999 -9999 -9999 -9999 -9999 -9999 -9999 -9999 -9999 -9999 -9999 -9999 -9999 -9999 -9999 -9999 -9999 -9999 -9999 -9999 -9999 -9999 -9999 -9999 -9999 -9999 -9999 -9999 -9999 -9999 -9999 16875 16876 16877 16878 16879 16880 16881 16882 16883 16884 16885 16656 16886 16887 16888 16889 16890 16891 16892 16893 16894 -9999 16896 16897 16898 16899 16900 16901 16902 16903 16904 16905 16906 16907 16908 16909 16910 16911 16912 16913 16914 -9999 -9999 -9999 
-9999 -9999 -9999 -9999 -9999 -9999 -9999 -9999 -9999 -9999 -9999 -9999 -9999 -9999 -9999 -9999 -9999 -9999 -9999 -9999 -9999 -9999 -9999 -9999 -9999 -9999 -9999 -9999 -9999 -9999 -9999 -9999 -9999 -9999 -9999 -9999 -9999 -9999 -9999 -9999 -9999 -9999 16998 16999 17000 17001 17002 17003 17004 17005 17006 17007 17008 16887 17009 17010 17011 17012 17013 -9999 -9999 -9999 -9999 -9999 -9999 17018 17019 17020 17021 17022 17023 17024 17024 17025 17026 17026 17027 17028 17029 -9999 -9999 -9999 -9999 -9999 
-9999 -9999 -9999 -9999 -9999 -9999 -9999 -9999 -9999 -9999 -9999 -9999 -9999 -9999 -9999 -9999 -9999 -9999 -9999 -9999 -9999 -9999 -9999 -9999 -9999 -9999 -9999 -9999 -9999 -9999 -9999 -9999 -9999 -9999 -9999 -9999 -9999 -9999 -9999 -9999 -9999 -9999 17113 17114 17115 17116 17117 17118 17119 17120 17121 17007 17122 17123 17009 17124 17125 17126 -9999 -9999 -9999 -9999 -9999 -9999 -9999 -9999 17134 17135 17136 17137 17138 17139 17139 17140 17141 17141 17142 -9999 -9999 -9999 -9999 -9999 -9999 -9999 
-9999 -9999 -9999 -9999 -9999 -9999 -9999 -9999 -9999 -9999 -9999 -9999 -9999 -9999 -9999 -9999 -9999 -9999 -9999 -9999 -9999 -9999 -9999 -9999 -9999 -9999 -9999 -9999 -9999 -9999 -9999 -9999 -9999 -9999 -9999 -9999 -9999 -9999 -9999 -9999 -9999 -9999 -9999 17232 17233 17234 17235 17118 17236 17237 17238 17239 17240 17241 17242 17243 17244 17245 -9999 -9999 -9999 -9999 -9999 -9999 -9999 -9999 -9999 -9999 17255 17256 17257 17258 17259 17260 17261 17261 -9999 -9999 -9999 -9999 -9999 -9999 -9999 -9999 
-9999 -9999 -9999 -9999 -9999 -9999 -9999 -9999 -9999 -9999 -9999 -9999 -9999 -9999 -9999 -9999 -9999 -9999 -9999 -9999 -9999 -9999 -9999 -9999 -9999 -9999 -9999 -9999 -9999 -9999 -9999 -9999 -9999 -9999 -9999 -9999 -9999 -9999 -9999 -9999 -9999 -9999 -9999 17353 17353 17354 17355 17356 17357 17237 17238 17358 17359 17360 17242 17361 17362 -9999 -9999 -9999 -9999 -9999 -9999 -9999 -9999 -9999 -9999 -9999 -9999 -9999 17375 17376 17377 -9999 -9999 -9999 -9999 -9999 -9999 -9999 -9999 -9999 -9999 -9999 
-9999 -9999 -9999 -9999 -9999 -9999 -9999 -9999 -9999 -9999 -9999 -9999 -9999 -9999 -9999 -9999 -9999 -9999 -9999 -9999 -9999 -9999 -9999 -9999 -9999 -9999 -9999 -9999 -9999 -9999 -9999 -9999 -9999 -9999 -9999 -9999 -9999 -9999 -9999 -9999 -9999 -9999 17470 17470 17471 17472 17473 17474 17475 17237 17476 17477 17478 17479 17480 -9999 -9999 -9999 -9999 -9999 -9999 -9999 -9999 -9999 -9999 -9999 -9999 -9999 -9999 -9999 17495 17496 -9999 -9999 -9999 -9999 -9999 -9999 -9999 -9999 -9999 -9999 -9999 -9999 
-9999 -9999 -9999 -9999 -9999 -9999 -9999 -9999 -9999 -9999 -9999 -9999 -9999 -9999 -9999 -9999 -9999 -9999 -9999 -9999 -9999 -9999 -9999 -9999 -9999 -9999 -9999 -9999 -9999 -9999 -9999 -9999 -9999 -9999 -9999 -9999 -9999 -9999 -9999 -9999 -9999 -9999 -9999 17594 17595 17595 17596 17597 17598 17599 17476 17477 17600 17601 -9999 -9999 -9999 -9999 -9999 -9999 -9999 -9999 -9999 -9999 -9999 -9999 -9999 -9999 -9999 -9999 -9999 -9999 -9999 -9999 -9999 -9999 -9999 -9999 -9999 -9999 -9999 -9999 -9999 -9999 
-9999 -9999 -9999 -9999 -9999 -9999 -9999 -9999 -9999 -9999 -9999 -9999 -9999 -9999 -9999 -9999 -9999 -9999 -9999 -9999 -9999 -9999 -9999 -9999 -9999 -9999 -9999 -9999 -9999 -9999 -9999 -9999 -9999 -9999 -9999 -9999 -9999 -9999 -9999 -9999 -9999 -9999 -9999 -9999 17712 17713 17714 17715 17716 17717 17718 17719 17720 -9999 -9999 -9999 -9999 -9999 -9999 -9999 -9999 -9999 -9999 -9999 -9999 -9999 -9999 -9999 -9999 -9999 -9999 -9999 -9999 -9999 -9999 -9999 -9999 -9999 -9999 -9999 -9999 -9999 -9999 -9999 
-9999 -9999 -9999 -9999 -9999 -9999 -9999 -9999 -9999 -9999 -9999 -9999 -9999 -9999 -9999 -9999 -9999 -9999 -9999 -9999 -9999 -9999 -9999 -9999 -9999 -9999 -9999 -9999 -9999 -9999 -9999 -9999 -9999 -9999 -9999 -9999 -9999 -9999 -9999 -9999 -9999 -9999 -9999 -9999 17711 17828 17829 17830 17831 17832 17833 -9999 -9999 -9999 -9999 -9999 -9999 -9999 -9999 -9999 -9999 -9999 -9999 -9999 -9999 -9999 -9999 -9999 -9999 -9999 -9999 -9999 -9999 -9999 -9999 -9999 -9999 -9999 -9999 -9999 -9999 -9999 -9999 -9999 
-9999 -9999 -9999 -9999 -9999 -9999 -9999 -9999 -9999 -9999 -9999 -9999 -9999 -9999 -9999 -9999 -9999 -9999 -9999 -9999 -9999 -9999 -9999 -9999 -9999 -9999 -9999 -9999 -9999 -9999 -9999 -9999 -9999 -9999 -9999 -9999 -9999 -9999 -9999 -9999 -9999 -9999 -9999 -9999 -9999 17955 -9999 -9999 -9999 -9999 -9999 -9999 -9999 -9999 -9999 -9999 -9999 -9999 -9999 -9999 -9999 -9999 -9999 -9999 -9999 -9999 -9999 -9999 -9999 -9999 -9999 -9999 -9999 -9999 -9999 -9999 -9999 -9999 -9999 -9999 -9999 -9999 -9999 -9999 
