																									
	0.000000	0.000000	0.000000	0.000000	0.000000	0.000000	0.000000	0.000000	0.000000	0.000000	0.000000	0.000000	0.000000	0.000000	0.000000	0.000000	0.000000	0.000000	0.000000	0.000000	0.000000	0.000000	0.000000	0.000000	0.000000
	8.861134	47.077512	1687.421503	2976.713415	5941.956560	8.861134	47.077512	1687.421503	2976.713415	5941.956560	8.861134	47.077512	1687.421503	2976.713415	5941.956560	8.861134	47.077512	1687.421503	2976.713415	5941.956560	8.861134	47.077512	1687.421503	2976.713415	5941.956560
	14.939140	158.790188	1285.457869	907.512911	917.474460	14.939140	158.790188	1285.457869	907.512911	917.474460	14.939140	158.790188	1285.457869	907.512911	917.474460	14.939140	158.790188	1285.457869	907.512911	917.474460	14.939140	158.790188	1285.457869	907.512911	917.474460
	8.861007	47.076824	1687.396736	2976.664750	5946.012204	8.861007	47.076824	1687.396736	2976.664750	5946.012204	8.861007	47.076824	1687.396736	2976.664750	5946.012204	8.861007	47.076824	1687.396736	2976.664750	5946.012204	8.861007	47.076824	1687.396736	2976.664750	5946.012204
	14.940563	160.096167	1285.404168	907.469712	920.465851	14.940563	160.096167	1285.404168	907.469712	920.465851	14.940563	160.096167	1285.404168	907.469712	920.465851	14.940563	160.096167	1285.404168	907.469712	920.465851	14.940563	160.096167	1285.404168	907.469712	920.465851
	8.860880	47.076137	1687.371971	2976.616087	5950.991789	8.860880	47.076137	1687.371971	2976.616087	5950.991789	8.860880	47.076137	1687.371971	2976.616087	5950.991789	8.860880	47.076137	1687.371971	2976.616087	5950.991789	8.860880	47.076137	1687.371971	2976.616087	5950.991789
	14.941204	161.389604	1285.350480	910.705711	923.638758	14.941204	161.389604	1285.350480	910.705711	923.638758	14.941204	161.389604	1285.350480	910.705711	923.638758	14.941204	161.389604	1285.350480	910.705711	923.638758	14.941204	161.389604	1285.350480	910.705711	923.638758
	8.860755	47.142178	1687.347205	2978.473158	5954.944956	8.860755	47.142178	1687.347205	2978.473158	5954.944956	8.860755	47.142178	1687.347205	2978.473158	5954.944956	8.860755	47.142178	1687.347205	2978.473158	5954.944956	8.860755	47.142178	1687.347205	2978.473158	5954.944956
	14.940864	162.765510	1285.296802	913.808609	926.656041	14.940864	162.765510	1285.296802	913.808609	926.656041	14.940864	162.765510	1285.296802	913.808609	926.656041	14.940864	162.765510	1285.296802	913.808609	926.656041	14.940864	162.765510	1285.296802	913.808609	926.656041
	8.860628	47.443438	1687.322439	2983.290679	5959.394606	8.860628	47.443438	1687.322439	2983.290679	5959.394606	8.860628	47.443438	1687.322439	2983.290679	5959.394606	8.860628	47.443438	1687.322439	2983.290679	5959.394606	8.860628	47.443438	1687.322439	2983.290679	5959.394606
	14.940525	164.091968	1285.243136	917.007156	929.790358	14.940525	164.091968	1285.243136	917.007156	929.790358	14.940525	164.091968	1285.243136	917.007156	929.790358	14.940525	164.091968	1285.243136	917.007156	929.790358	14.940525	164.091968	1285.243136	917.007156	929.790358
	8.860502	47.689212	1687.297673	2988.071008	5964.209676	8.860502	47.689212	1687.297673	2988.071008	5964.209676	8.860502	47.689212	1687.297673	2988.071008	5964.209676	8.860502	47.689212	1687.297673	2988.071008	5964.209676	8.860502	47.689212	1687.297673	2988.071008	5964.209676
	14.940185	164.972267	1285.189480	919.667726	932.423266	14.940185	164.972267	1285.189480	919.667726	932.423266	14.940185	164.972267	1285.189480	919.667726	932.423266	14.940185	164.972267	1285.189480	919.667726	932.423266	14.940185	164.972267	1285.189480	919.667726	932.423266
	8.055220	43.913422	1579.831727	2985.702591	5230.496042	6.390988	35.318496	1344.518690	2965.758514	3521.850560	4.654860	26.099042	1015.315431	2891.114680	1435.110792	2.847166	16.255061	541.634068	2625.494290	414.205837	0.967570	5.786554	164.389056	1901.669255	104.668783
	13.490147	150.315141	1168.457859	840.762742	852.270502	10.561261	118.236904	927.211502	670.471844	679.540827	7.593570	85.565517	675.444604	491.212077	497.777825	4.586479	52.300981	413.157167	302.983439	306.981494	1.539983	18.443294	140.349191	105.785929	104.603519
	8.055105	44.180022	1579.808444	2990.504323	5235.245351	6.390896	35.525844	1344.498713	2970.558636	3526.321147	4.654793	26.247145	1015.300195	2895.904281	1437.681806	2.847125	16.343925	541.625841	2630.196835	414.344628	0.967555	5.816180	164.386539	1905.796295	104.782061
	13.489829	151.446772	1168.406184	843.730025	855.234951	10.560994	119.130654	927.166013	673.307629	682.513552	7.593366	86.211582	675.408329	493.748561	500.552437	4.586347	52.692811	413.133132	304.927213	307.138800	1.539936	18.574114	140.340422	106.478092	104.655785
	8.057550	44.444023	1579.785162	2995.348290	5240.052810	6.413645	35.731129	1344.478735	2975.399614	3530.793338	4.676812	26.393756	1015.284958	2900.729744	1440.216515	2.860356	16.431895	541.617615	2634.919151	414.472886	0.971964	5.845509	164.384021	1909.907403	104.891955
	13.498203	152.544613	1168.354520	846.622751	858.128330	10.612509	120.001307	927.120536	676.058872	685.021628	7.639767	86.844803	675.372064	496.193709	500.655307	4.614158	53.073767	413.109104	306.783880	307.217835	1.549196	18.702989	140.331656	106.508065	104.697326
	8.058240	44.677898	1579.761879	2999.674209	5244.244688	6.428816	35.942162	1344.458757	2979.731035	3534.994208	4.699449	26.544497	1015.269723	2905.076215	1442.772803	2.873976	16.522348	541.609390	2639.260040	414.603750	0.976503	5.875673	164.381505	1913.854452	105.002616
	13.502118	153.627273	1168.302868	849.557810	860.638321	10.649827	120.959240	927.075068	678.914557	685.138309	7.689532	87.537954	675.335806	498.793852	500.763116	4.644012	53.489202	413.085081	308.809122	307.303370	1.559168	18.841471	140.322893	106.537802	104.741772
	8.058126	44.822588	1579.738597	3003.714990	5248.121215	6.435050	36.146442	1344.438782	2983.779947	3538.985753	4.716874	26.690417	1015.254487	2909.149596	1445.237181	2.887148	16.609911	541.601164	2643.357662	414.733911	0.980573	5.904878	164.378989	1917.626376	105.092364
	13.502927	154.365215	1168.251226	852.361794	860.823542	10.667116	121.900996	927.029611	681.664127	685.253465	7.729847	88.219101	675.299557	501.314923	500.869643	4.673321	53.897218	413.061063	310.785301	307.388213	1.568276	18.977486	140.314130	106.567161	104.785984
	8.058010	44.889188	1579.715316	3007.715395	5251.944300	6.437109	36.350090	1344.418804	2987.789619	3542.967933	4.726405	26.838204	1015.239251	2913.187794	1446.504889	2.900481	16.698598	541.592939	2647.432557	414.865212	0.980559	5.934462	164.376472	1921.400347	105.101237
	13.502609	154.740982	1168.199594	855.155106	861.015264	10.674271	122.840850	926.984163	684.412248	685.372452	7.753785	88.908152	675.263315	503.842625	500.979218	4.702964	54.309979	413.037051	312.773082	307.475198	1.568228	19.115088	140.305371	106.597048	104.831067
	8.057895	44.911718	1579.692034	3011.729221	5255.784161	6.437453	36.488917	1344.398828	2991.812466	3546.956990	4.730367	26.985751	1015.224017	2917.238283	1446.694289	2.913786	16.787141	541.584714	2651.517000	414.997097	0.980545	5.964003	164.373955	1925.178160	105.110237
	13.502291	154.890832	1168.147975	857.951012	861.216232	10.677026	123.529958	926.938725	687.161106	685.495666	7.764950	89.595666	675.227082	506.369386	501.091484	4.732530	54.721814	413.013045	312.944399	307.563680	1.568181	19.252386	140.296613	106.627421	104.876568
	8.057780	44.917825	1579.668754	3015.985298	5259.889887	6.437360	36.560524	1344.378852	2996.075552	3551.129356	4.731943	27.137816	1015.208781	2921.521770	1446.889928	2.925173	16.878398	541.576489	2655.811260	415.130950	0.980531	5.994450	164.371439	1929.111004	105.119588
	13.501973	154.950727	1168.096366	860.857709	861.437478	10.678010	123.914683	926.893298	690.001351	685.628681	7.770221	90.294126	675.190858	508.965766	501.210228	4.758305	55.140697	412.989044	313.020427	307.655901	1.568134	19.392037	140.287858	106.659081	104.923236
