																									
	0.000000	0.000000	0.000000	0.000000	0.000000	0.000000	0.000000	0.000000	0.000000	0.000000	0.000000	0.000000	0.000000	0.000000	0.000000	0.000000	0.000000	0.000000	0.000000	0.000000	0.000000	0.000000	0.000000	0.000000	0.000000
	0.009757	0.111776	4.871028	39.606929	88.486588	0.009757	0.111776	4.871028	39.606929	88.486588	0.009757	0.111776	4.871028	39.606929	88.486588	0.009757	0.111776	4.871028	39.606929	88.486588	0.009757	0.111776	4.871028	39.606929	88.486588
	0.109334	2.369176	92.137434	94.486608	72.119629	0.109334	2.369176	92.137434	94.486608	72.119629	0.109334	2.369176	92.137434	94.486608	72.119629	0.109334	2.369176	92.137434	94.486608	72.119629	0.109334	2.369176	92.137434	94.486608	72.119629
	0.009782	0.111940	4.878305	39.630580	88.555340	0.009782	0.111940	4.878305	39.630580	88.555340	0.009782	0.111940	4.878305	39.630580	88.555340	0.009782	0.111940	4.878305	39.630580	88.555340	0.009782	0.111940	4.878305	39.630580	88.555340
	0.109654	2.373415	92.213624	94.529716	72.172080	0.109654	2.373415	92.213624	94.529716	72.172080	0.109654	2.373415	92.213624	94.529716	72.172080	0.109654	2.373415	92.213624	94.529716	72.172080	0.109654	2.373415	92.213624	94.529716	72.172080
	0.009806	0.112094	4.885351	39.650660	88.615839	0.009806	0.112094	4.885351	39.650660	88.615839	0.009806	0.112094	4.885351	39.650660	88.615839	0.009806	0.112094	4.885351	39.650660	88.615839	0.009806	0.112094	4.885351	39.650660	88.615839
	0.109970	2.377427	92.285447	94.564290	72.217784	0.109970	2.377427	92.285447	94.564290	72.217784	0.109970	2.377427	92.285447	94.564290	72.217784	0.109970	2.377427	92.285447	94.564290	72.217784	0.109970	2.377427	92.285447	94.564290	72.217784
	0.009830	0.112241	4.892232	39.668070	88.670035	0.009830	0.112241	4.892232	39.668070	88.670035	0.009830	0.112241	4.892232	39.668070	88.670035	0.009830	0.112241	4.892232	39.668070	88.670035	0.009830	0.112241	4.892232	39.668070	88.670035
	0.110282	2.381295	92.354152	94.592484	72.258333	0.110282	2.381295	92.354152	94.592484	72.258333	0.110282	2.381295	92.354152	94.592484	72.258333	0.110282	2.381295	92.354152	94.592484	72.258333	0.110282	2.381295	92.354152	94.592484	72.258333
	0.009853	0.112384	4.898999	39.683643	88.719837	0.009853	0.112384	4.898999	39.683643	88.719837	0.009853	0.112384	4.898999	39.683643	88.719837	0.009853	0.112384	4.898999	39.683643	88.719837	0.009853	0.112384	4.898999	39.683643	88.719837
	0.110591	2.385082	92.420679	94.616282	72.295281	0.110591	2.385082	92.420679	94.616282	72.295281	0.110591	2.385082	92.420679	94.616282	72.295281	0.110591	2.385082	92.420679	94.616282	72.295281	0.110591	2.385082	92.420679	94.616282	72.295281
	0.009877	0.112522	4.905579	39.696235	88.762538	0.009877	0.112522	4.905579	39.696235	88.762538	0.009877	0.112522	4.905579	39.696235	88.762538	0.009877	0.112522	4.905579	39.696235	88.762538	0.009877	0.112522	4.905579	39.696235	88.762538
	0.110896	2.388752	92.483682	94.632962	72.326423	0.110896	2.388752	92.483682	94.632962	72.326423	0.110896	2.388752	92.483682	94.632962	72.326423	0.110896	2.388752	92.483682	94.632962	72.326423	0.110896	2.388752	92.483682	94.632962	72.326423
	0.059563	0.457987	14.766886	42.565724	480.485140	0.158890	1.148643	35.316599	50.359428	1013.080070	0.258217	1.839298	62.071620	78.074267	1465.002805	0.357543	2.529953	97.358635	163.207978	1649.264826	0.456870	3.220608	123.324056	339.395259	1701.408724
	0.181189	3.502271	112.269813	111.461984	89.291432	0.321171	5.721980	151.720258	145.094834	123.166184	0.461153	7.941689	191.170702	178.727685	157.040937	0.601135	10.161398	230.621146	212.360535	190.915690	0.741116	12.381107	270.071590	245.993386	224.790443
	0.059567	0.457894	14.769570	42.574712	480.223073	0.158855	1.148069	35.311162	50.362700	1012.395656	0.258141	1.838233	62.055171	78.057141	1463.947812	0.357425	2.528385	97.326905	163.127497	1648.055520	0.456708	3.218525	123.280532	339.180325	1700.155413
	0.181445	3.504949	112.317647	111.457891	89.301511	0.321324	5.722389	151.739435	145.054505	123.138939	0.461192	7.939659	191.158199	178.648541	156.973770	0.601049	10.156759	230.573936	212.239999	190.806005	0.740895	12.373688	269.986649	245.828879	224.635643
	0.059571	0.457814	14.772137	42.583114	479.952792	0.158818	1.147531	35.305448	50.365284	1011.694029	0.258063	1.837225	62.038238	78.038964	1462.867978	0.357305	2.526894	97.294420	163.044853	1646.818268	0.456544	3.216540	123.236051	338.960929	1698.873275
	0.181699	3.507730	112.364551	111.452262	89.309996	0.321475	5.722970	151.757388	145.012212	123.109539	0.461228	7.937869	191.144176	178.567009	156.903891	0.600959	10.152428	230.524915	212.116651	190.693052	0.740667	12.366646	269.899606	245.661140	224.477023
	0.059571	0.457717	14.773751	42.590432	479.606700	0.158749	1.146769	35.292515	50.366199	1010.929123	0.257879	1.835645	61.995960	78.016061	1461.511699	0.356979	2.524615	97.206033	162.938698	1645.274701	0.456117	3.213552	123.120771	338.667838	1697.282711
	0.181941	3.510375	112.404177	111.443798	89.304300	0.321559	5.722427	151.744267	144.965135	123.072375	0.461075	7.933607	191.052019	178.474681	156.804304	0.600524	10.144925	230.343408	211.962723	190.544593	0.740015	12.355746	269.657489	245.439998	224.277637
	0.059570	0.457637	14.775283	42.597075	479.249088	0.158685	1.146026	35.279676	50.366296	1010.079199	0.257708	1.834040	61.953761	77.991816	1460.118861	0.356648	2.522294	97.115372	162.829191	1643.697142	0.455700	3.210519	123.002903	338.366110	1695.674106
	0.182182	3.513142	112.443138	111.433567	89.296382	0.321654	5.721980	151.731505	144.915729	123.024792	0.460944	7.929231	190.960058	178.379301	156.700735	0.600080	10.137255	230.156475	211.804440	190.392158	0.739378	12.344673	269.409694	245.212601	224.075854
	0.059569	0.457570	14.776483	42.601730	478.860879	0.158624	1.145296	35.266293	50.364005	1009.117076	0.257556	1.832364	61.910250	77.963682	1458.630022	0.356311	2.519862	97.018764	162.710324	1642.027865	0.455351	3.207370	122.878556	338.041745	1694.015457
	0.182421	3.516016	112.479543	111.418141	89.282682	0.321754	5.721590	151.716358	144.859474	122.963469	0.460848	7.924547	190.864006	178.275052	156.586802	0.599626	10.129134	229.955409	211.633989	190.229060	0.738853	12.333152	269.147692	244.968806	223.867443
	0.059566	0.457515	14.777284	42.604090	478.437090	0.158563	1.144597	35.252260	50.358951	1008.050997	0.257415	1.830636	61.865448	77.931050	1457.030685	0.355983	2.517332	96.915615	162.580607	1640.261327	0.455158	3.204146	122.748046	337.691107	1692.335971
	0.182654	3.518968	112.512869	111.396715	89.262264	0.321854	5.721354	151.698365	144.795302	122.889398	0.460769	7.919633	190.763929	178.160540	156.460942	0.599188	10.120621	229.738798	211.449434	190.054653	0.738579	12.321345	268.872175	244.705979	223.656265
	0.059562	0.457462	14.777673	42.604147	477.977177	0.158499	1.143952	35.237591	50.351126	1006.902651	0.257278	1.828895	61.819340	77.893898	1455.320527	0.355684	2.514749	96.806320	162.439958	1638.407531	0.454950	3.200925	122.613102	337.313849	1690.676323
	0.182883	3.521939	112.543016	111.369275	89.235017	0.321949	5.721383	151.677591	144.723191	122.805212	0.460699	7.914660	190.659773	178.035722	156.323113	0.598797	10.111887	229.507576	211.250670	189.870091	0.738283	12.309548	268.586931	244.423869	223.447695
