																									
	0.000000	0.000000	0.000000	0.000000	0.000000	0.000000	0.000000	0.000000	0.000000	0.000000	0.000000	0.000000	0.000000	0.000000	0.000000	0.000000	0.000000	0.000000	0.000000	0.000000	0.000000	0.000000	0.000000	0.000000	0.000000
	0.952502	7.514507	295.428854	1435.306086	3785.746465	0.952502	7.514507	295.428854	1435.306086	3785.746465	0.952502	7.514507	295.428854	1435.306086	3785.746465	0.952502	7.514507	295.428854	1435.306086	3785.746465	0.952502	7.514507	295.428854	1435.306086	3785.746465
	0.158898	2.428854	60.122309	69.315153	67.145955	0.158898	2.428854	60.122309	69.315153	67.145955	0.158898	2.428854	60.122309	69.315153	67.145955	0.158898	2.428854	60.122309	69.315153	67.145955	0.158898	2.428854	60.122309	69.315153	67.145955
	0.953323	7.518013	295.549276	1435.393580	3786.080738	0.953323	7.518013	295.549276	1435.393580	3786.080738	0.953323	7.518013	295.549276	1435.393580	3786.080738	0.953323	7.518013	295.549276	1435.393580	3786.080738	0.953323	7.518013	295.549276	1435.393580	3786.080738
	0.159106	2.438622	60.128347	69.311407	67.161205	0.159106	2.438622	60.128347	69.311407	67.161205	0.159106	2.438622	60.128347	69.311407	67.161205	0.159106	2.438622	60.128347	69.311407	67.161205	0.159106	2.438622	60.128347	69.311407	67.161205
	0.954144	7.521520	295.669695	1435.481073	3786.471916	0.954144	7.521520	295.669695	1435.481073	3786.471916	0.954144	7.521520	295.669695	1435.481073	3786.471916	0.954144	7.521520	295.669695	1435.481073	3786.471916	0.954144	7.521520	295.669695	1435.481073	3786.471916
	0.159310	2.448314	60.134383	69.327386	67.177549	0.159310	2.448314	60.134383	69.327386	67.177549	0.159310	2.448314	60.134383	69.327386	67.177549	0.159310	2.448314	60.134383	69.327386	67.177549	0.159310	2.448314	60.134383	69.327386	67.177549
	0.954966	7.529136	295.790112	1435.685939	3786.799875	0.954966	7.529136	295.790112	1435.685939	3786.799875	0.954966	7.529136	295.790112	1435.685939	3786.799875	0.954966	7.529136	295.790112	1435.685939	3786.799875	0.954966	7.529136	295.790112	1435.685939	3786.799875
	0.159508	2.458502	60.140417	69.342566	67.192957	0.159508	2.458502	60.140417	69.342566	67.192957	0.159508	2.458502	60.140417	69.342566	67.192957	0.159508	2.458502	60.140417	69.342566	67.192957	0.159508	2.458502	60.140417	69.342566	67.192957
	0.955787	7.551240	295.910527	1436.073139	3787.158411	0.955787	7.551240	295.910527	1436.073139	3787.158411	0.955787	7.551240	295.910527	1436.073139	3787.158411	0.955787	7.551240	295.910527	1436.073139	3787.158411	0.955787	7.551240	295.910527	1436.073139	3787.158411
	0.159706	2.468392	60.146450	69.358322	67.209069	0.159706	2.468392	60.146450	69.358322	67.209069	0.159706	2.468392	60.146450	69.358322	67.209069	0.159706	2.468392	60.146450	69.358322	67.209069	0.159706	2.468392	60.146450	69.358322	67.209069
	0.956609	7.569926	296.030939	1436.458047	3787.539452	0.956609	7.569926	296.030939	1436.458047	3787.539452	0.956609	7.569926	296.030939	1436.458047	3787.539452	0.956609	7.569926	296.030939	1436.458047	3787.539452	0.956609	7.569926	296.030939	1436.458047	3787.539452
	0.159903	2.475597	60.152480	69.370843	67.222167	0.159903	2.475597	60.152480	69.370843	67.222167	0.159903	2.475597	60.152480	69.370843	67.222167	0.159903	2.475597	60.152480	69.370843	67.222167	0.159903	2.475597	60.152480	69.370843	67.222167
	0.942569	7.536606	294.792469	1436.828343	3572.043371	0.858926	6.959068	280.686586	1436.465944	2573.848944	0.703387	5.757011	239.487442	1431.455637	1089.948798	0.475974	3.930433	145.652754	1379.733749	316.974732	0.176665	1.479336	47.912215	1098.579734	80.402499
	0.188377	2.904079	65.978265	72.538415	70.677519	0.215405	3.298427	69.727373	72.119300	70.784769	0.203071	3.099648	62.955941	62.731372	61.858751	0.151372	2.307743	45.663969	44.374633	43.899464	0.060307	0.922710	17.851458	17.049081	16.891580
	0.943391	7.556572	294.912888	1437.214559	3572.423750	0.859749	6.975387	280.807246	1436.852048	2574.229452	0.704213	5.769694	239.608853	1431.841117	1090.238447	0.476804	3.939493	145.775913	1380.114593	317.128256	0.177500	1.484784	48.037211	1098.929767	80.558640
	0.188565	2.912661	65.982585	72.551825	70.691578	0.215583	3.305437	69.730546	72.131927	70.798745	0.203250	3.105196	62.960995	62.744771	61.873985	0.151562	2.311959	45.673930	44.389604	43.903988	0.060520	0.925725	17.869353	17.064225	16.903088
	0.944370	7.576377	295.033305	1437.603374	3572.807710	0.861978	6.991579	280.927904	1437.240667	2574.610056	0.706399	5.782286	239.730262	1432.228804	1090.525859	0.478451	3.948498	145.899070	1380.496652	317.281130	0.178608	1.490213	48.162204	1099.278817	80.714570
	0.188805	2.921039	65.986903	72.564788	70.705210	0.216072	3.312307	69.733719	72.144047	70.809926	0.203708	3.110667	62.966048	62.757622	61.873148	0.151921	2.316110	45.683889	44.404050	43.908040	0.060790	0.928727	17.887242	17.075382	16.914529
	0.945241	7.594327	295.153720	1437.960281	3573.153754	0.863741	7.008125	281.048559	1437.597901	2574.973948	0.708623	5.795132	239.851669	1432.586987	1090.814596	0.480122	3.957656	146.022225	1380.855218	317.434160	0.179723	1.495694	48.287196	1099.617761	80.870545
	0.189019	2.929325	65.991220	72.578008	70.716537	0.216475	3.319702	69.736891	72.156796	70.806725	0.204187	3.116497	62.971099	62.771405	61.872342	0.152291	2.320468	45.693844	44.419509	43.912130	0.061064	0.931786	17.905127	17.086535	16.925983
	0.946063	7.606784	295.274133	1438.299624	3573.480373	0.864954	7.024254	281.169213	1437.937733	2575.324946	0.710526	5.807681	239.973073	1432.928350	1091.097671	0.481765	3.966636	146.145377	1381.198799	317.587145	0.180810	1.501116	48.412185	1099.945918	80.994918
	0.189213	2.935538	65.995536	72.590440	70.713881	0.216758	3.326999	69.740062	72.168909	70.803515	0.204609	3.122255	62.976149	62.784713	61.871529	0.152659	2.324781	45.703797	44.434672	43.916215	0.061333	0.934829	17.923006	17.097683	16.937433
	0.946884	7.614432	295.394543	1438.636479	3573.803700	0.865909	7.040345	281.289863	1438.275146	2575.675364	0.711942	5.820345	240.094475	1433.267543	1091.307039	0.483418	3.975685	146.268527	1381.540978	317.740198	0.181645	1.506561	48.537171	1100.274198	80.994030
	0.189401	2.939571	65.999850	72.602809	70.711266	0.216980	3.334284	69.743232	72.181014	70.800330	0.204932	3.128060	62.981197	62.798062	61.870734	0.153028	2.329121	45.713747	44.449904	43.920311	0.061546	0.937882	17.940880	17.108831	16.948885
	0.947706	7.619365	295.514951	1438.974159	3574.128058	0.866759	7.052443	281.410512	1438.613369	2576.026205	0.713016	5.832994	240.215875	1433.607492	1091.449991	0.485070	3.984725	146.391675	1381.883744	317.893283	0.182480	1.512003	48.662155	1100.602713	80.993150
	0.189589	2.942245	66.004163	72.615195	70.708707	0.217175	3.340061	69.746401	72.193125	70.797171	0.205178	3.133855	62.986244	62.811405	61.869956	0.153397	2.333456	45.723694	44.454209	43.924416	0.061760	0.940932	17.958749	17.119978	16.960336
	0.948527	7.623286	295.635357	1439.326757	3574.468789	0.867581	7.060401	281.531158	1438.966387	2576.388333	0.713943	5.845921	240.337272	1433.961790	1091.593325	0.486603	3.993932	146.514820	1382.239431	318.046487	0.183315	1.517501	48.787137	1100.940775	80.992291
	0.189777	2.944377	66.008475	72.628248	70.706272	0.217360	3.344006	69.749569	72.205786	70.794072	0.205389	3.139716	62.991290	62.825168	61.869217	0.153742	2.337832	45.733638	44.457939	43.928542	0.061973	0.943996	17.976613	17.131130	16.971791
