																									
	0.000000	0.000000	0.000000	0.000000	0.000000	0.000000	0.000000	0.000000	0.000000	0.000000	0.000000	0.000000	0.000000	0.000000	0.000000	0.000000	0.000000	0.000000	0.000000	0.000000	0.000000	0.000000	0.000000	0.000000	0.000000
	0.208982	0.716559	5.748950	14.018315	24.390922	0.208982	0.716559	5.748950	14.018315	24.390922	0.208982	0.716559	5.748950	14.018315	24.390922	0.208982	0.716559	5.748950	14.018315	24.390922	0.208982	0.716559	5.748950	14.018315	24.390922
	0.148390	0.696440	3.587166	3.275282	3.288678	0.148390	0.696440	3.587166	3.275282	3.288678	0.148390	0.696440	3.587166	3.275282	3.288678	0.148390	0.696440	3.587166	3.275282	3.288678	0.148390	0.696440	3.587166	3.275282	3.288678
	0.208980	0.716551	5.748887	14.018162	24.390655	0.208980	0.716551	5.748887	14.018162	24.390655	0.208980	0.716551	5.748887	14.018162	24.390655	0.208980	0.716551	5.748887	14.018162	24.390655	0.208980	0.716551	5.748887	14.018162	24.390655
	0.148366	0.696326	3.586577	3.274745	3.288139	0.148366	0.696326	3.586577	3.274745	3.288139	0.148366	0.696326	3.586577	3.274745	3.288139	0.148366	0.696326	3.586577	3.274745	3.288139	0.148366	0.696326	3.586577	3.274745	3.288139
	0.208978	0.716544	5.748824	14.018009	24.390389	0.208978	0.716544	5.748824	14.018009	24.390389	0.208978	0.716544	5.748824	14.018009	24.390389	0.208978	0.716544	5.748824	14.018009	24.390389	0.208978	0.716544	5.748824	14.018009	24.390389
	0.148342	0.696212	3.585989	3.274208	3.287600	0.148342	0.696212	3.585989	3.274208	3.287600	0.148342	0.696212	3.585989	3.274208	3.287600	0.148342	0.696212	3.585989	3.274208	3.287600	0.148342	0.696212	3.585989	3.274208	3.287600
	0.208976	0.716536	5.748761	14.017856	24.390122	0.208976	0.716536	5.748761	14.017856	24.390122	0.208976	0.716536	5.748761	14.017856	24.390122	0.208976	0.716536	5.748761	14.017856	24.390122	0.208976	0.716536	5.748761	14.017856	24.390122
	0.148317	0.696098	3.585401	3.273671	3.287060	0.148317	0.696098	3.585401	3.273671	3.287060	0.148317	0.696098	3.585401	3.273671	3.287060	0.148317	0.696098	3.585401	3.273671	3.287060	0.148317	0.696098	3.585401	3.273671	3.287060
	0.208973	0.716528	5.748699	14.017702	24.389856	0.208973	0.716528	5.748699	14.017702	24.389856	0.208973	0.716528	5.748699	14.017702	24.389856	0.208973	0.716528	5.748699	14.017702	24.389856	0.208973	0.716528	5.748699	14.017702	24.389856
	0.148293	0.695983	3.584813	3.273134	3.286521	0.148293	0.695983	3.584813	3.273134	3.286521	0.148293	0.695983	3.584813	3.273134	3.286521	0.148293	0.695983	3.584813	3.273134	3.286521	0.148293	0.695983	3.584813	3.273134	3.286521
	0.208971	0.716520	5.748636	14.017549	24.389589	0.208971	0.716520	5.748636	14.017549	24.389589	0.208971	0.716520	5.748636	14.017549	24.389589	0.208971	0.716520	5.748636	14.017549	24.389589	0.208971	0.716520	5.748636	14.017549	24.389589
	0.148269	0.695869	3.584225	3.272597	3.285983	0.148269	0.695869	3.584225	3.272597	3.285983	0.148269	0.695869	3.584225	3.272597	3.285983	0.148269	0.695869	3.584225	3.272597	3.285983	0.148269	0.695869	3.584225	3.272597	3.285983
	0.208969	0.716512	5.748573	14.017396	24.389322	0.208969	0.716512	5.748573	14.017396	24.389322	0.208969	0.716512	5.748573	14.017396	24.389322	0.208969	0.716512	5.748573	14.017396	24.389322	0.208969	0.716512	5.748573	14.017396	24.389322
	0.148244	0.695755	3.583638	3.272061	3.285444	0.148244	0.695755	3.583638	3.272061	3.285444	0.148244	0.695755	3.583638	3.272061	3.285444	0.148244	0.695755	3.583638	3.272061	3.285444	0.148244	0.695755	3.583638	3.272061	3.285444
	0.207773	0.712411	5.729432	14.017071	23.576030	0.198030	0.679004	5.564923	14.014860	19.550487	0.177362	0.608140	5.077679	13.986314	11.975447	0.142361	0.488128	3.820261	13.694235	5.920919	0.081090	0.278041	2.025789	12.023532	2.708969
	0.147373	0.691667	3.562583	3.252836	3.266141	0.140463	0.659233	3.395521	3.100300	3.112980	0.125803	0.590432	3.041150	2.776739	2.788096	0.100977	0.473915	2.441001	2.228769	2.237885	0.057517	0.269945	1.390409	1.269520	1.274713
	0.207770	0.712404	5.729369	14.016918	23.575772	0.198027	0.678997	5.564862	14.014707	19.550274	0.177360	0.608134	5.077624	13.986161	11.975316	0.142360	0.488123	3.820219	13.694085	5.920854	0.081089	0.278038	2.025767	12.023401	2.708940
	0.147349	0.691554	3.561998	3.252303	3.265605	0.140439	0.659125	3.394965	3.099791	3.112470	0.125783	0.590336	3.040651	2.776283	2.787639	0.100960	0.473837	2.440600	2.228404	2.237518	0.057508	0.269900	1.390181	1.269312	1.274504
	0.207768	0.712396	5.729307	14.016765	23.575514	0.198025	0.678989	5.564802	14.014554	19.550060	0.177358	0.608127	5.077568	13.986009	11.975185	0.142358	0.488117	3.820177	13.693935	5.920790	0.081088	0.278035	2.025745	12.023269	2.708910
	0.147325	0.691441	3.561414	3.251769	3.265069	0.140416	0.659017	3.394408	3.099283	3.111960	0.125762	0.590239	3.040152	2.775828	2.787182	0.100944	0.473759	2.440200	2.228038	2.237151	0.057498	0.269856	1.389953	1.269104	1.274295
	0.207766	0.712388	5.729244	14.016611	23.575257	0.198023	0.678982	5.564741	14.014401	19.549846	0.177357	0.608120	5.077513	13.985856	11.975054	0.142356	0.488112	3.820135	13.693786	5.920725	0.081087	0.278032	2.025723	12.023138	2.708881
	0.147301	0.691327	3.560830	3.251236	3.264534	0.140393	0.658909	3.393851	3.098775	3.111449	0.125741	0.590142	3.039654	2.775373	2.786725	0.100927	0.473682	2.439800	2.227673	2.236784	0.057489	0.269812	1.389725	1.268896	1.274086
	0.207764	0.712380	5.729182	14.016458	23.574999	0.198021	0.678974	5.564680	14.014248	19.549633	0.177355	0.608114	5.077457	13.985703	11.974924	0.142355	0.488107	3.820094	13.693636	5.920660	0.081086	0.278029	2.025701	12.023006	2.708851
	0.147277	0.691214	3.560246	3.250703	3.263999	0.140370	0.658801	3.393295	3.098267	3.110939	0.125721	0.590045	3.039155	2.774918	2.786268	0.100911	0.473604	2.439400	2.227308	2.236418	0.057479	0.269768	1.389497	1.268688	1.273877
	0.207761	0.712373	5.729119	14.016305	23.574741	0.198019	0.678967	5.564619	14.014094	19.549419	0.177353	0.608107	5.077402	13.985550	11.974793	0.142353	0.488101	3.820052	13.693486	5.920596	0.081085	0.278026	2.025678	12.022875	2.708821
	0.147253	0.691100	3.559663	3.250170	3.263463	0.140347	0.658693	3.392738	3.097759	3.110429	0.125700	0.589948	3.038657	2.774463	2.785811	0.100894	0.473526	2.439000	2.226942	2.236051	0.057470	0.269723	1.389269	1.268480	1.273668
	0.207759	0.712365	5.729056	14.016152	23.574484	0.198017	0.678960	5.564558	14.013941	19.549205	0.177351	0.608100	5.077346	13.985397	11.974662	0.142352	0.488096	3.820010	13.693336	5.920531	0.081084	0.278022	2.025656	12.022743	2.708792
	0.147228	0.690987	3.559079	3.249637	3.262928	0.140324	0.658585	3.392182	3.097251	3.109919	0.125679	0.589852	3.038159	2.774008	2.785354	0.100878	0.473449	2.438600	2.226577	2.235684	0.057460	0.269679	1.389041	1.268272	1.273459
