																									
	0.000000	0.000000	0.000000	0.000000	0.000000	0.000000	0.000000	0.000000	0.000000	0.000000	0.000000	0.000000	0.000000	0.000000	0.000000	0.000000	0.000000	0.000000	0.000000	0.000000	0.000000	0.000000	0.000000	0.000000	0.000000
	0.029157	0.191301	6.627425	8.163579	12.311316	0.029157	0.191301	6.627425	8.163579	12.311316	0.029157	0.191301	6.627425	8.163579	12.311316	0.029157	0.191301	6.627425	8.163579	12.311316	0.029157	0.191301	6.627425	8.163579	12.311316
	0.072735	1.005690	11.394575	6.624521	7.170860	0.072735	1.005690	11.394575	6.624521	7.170860	0.072735	1.005690	11.394575	6.624521	7.170860	0.072735	1.005690	11.394575	6.624521	7.170860	0.072735	1.005690	11.394575	6.624521	7.170860
	0.029157	0.191299	6.627334	8.163467	12.311148	0.029157	0.191299	6.627334	8.163467	12.311148	0.029157	0.191299	6.627334	8.163467	12.311148	0.029157	0.191299	6.627334	8.163467	12.311148	0.029157	0.191299	6.627334	8.163467	12.311148
	0.072734	1.005676	11.394419	6.624430	7.170761	0.072734	1.005676	11.394419	6.624430	7.170761	0.072734	1.005676	11.394419	6.624430	7.170761	0.072734	1.005676	11.394419	6.624430	7.170761	0.072734	1.005676	11.394419	6.624430	7.170761
	0.029156	0.191296	6.627243	8.163355	12.310979	0.029156	0.191296	6.627243	8.163355	12.310979	0.029156	0.191296	6.627243	8.163355	12.310979	0.029156	0.191296	6.627243	8.163355	12.310979	0.029156	0.191296	6.627243	8.163355	12.310979
	0.072733	1.005663	11.394263	6.624340	7.170663	0.072733	1.005663	11.394263	6.624340	7.170663	0.072733	1.005663	11.394263	6.624340	7.170663	0.072733	1.005663	11.394263	6.624340	7.170663	0.072733	1.005663	11.394263	6.624340	7.170663
	0.029156	0.191294	6.627153	8.163244	12.310810	0.029156	0.191294	6.627153	8.163244	12.310810	0.029156	0.191294	6.627153	8.163244	12.310810	0.029156	0.191294	6.627153	8.163244	12.310810	0.029156	0.191294	6.627153	8.163244	12.310810
	0.072732	1.005649	11.394107	6.624249	7.170565	0.072732	1.005649	11.394107	6.624249	7.170565	0.072732	1.005649	11.394107	6.624249	7.170565	0.072732	1.005649	11.394107	6.624249	7.170565	0.072732	1.005649	11.394107	6.624249	7.170565
	0.029156	0.191291	6.627062	8.163132	12.310642	0.029156	0.191291	6.627062	8.163132	12.310642	0.029156	0.191291	6.627062	8.163132	12.310642	0.029156	0.191291	6.627062	8.163132	12.310642	0.029156	0.191291	6.627062	8.163132	12.310642
	0.072731	1.005635	11.393951	6.624158	7.170467	0.072731	1.005635	11.393951	6.624158	7.170467	0.072731	1.005635	11.393951	6.624158	7.170467	0.072731	1.005635	11.393951	6.624158	7.170467	0.072731	1.005635	11.393951	6.624158	7.170467
	0.029155	0.191288	6.626971	8.163020	12.310473	0.029155	0.191288	6.626971	8.163020	12.310473	0.029155	0.191288	6.626971	8.163020	12.310473	0.029155	0.191288	6.626971	8.163020	12.310473	0.029155	0.191288	6.626971	8.163020	12.310473
	0.072730	1.005621	11.393795	6.624067	7.170369	0.072730	1.005621	11.393795	6.624067	7.170369	0.072730	1.005621	11.393795	6.624067	7.170369	0.072730	1.005621	11.393795	6.624067	7.170369	0.072730	1.005621	11.393795	6.624067	7.170369
	0.029155	0.191286	6.626880	8.162908	12.310304	0.029155	0.191286	6.626880	8.162908	12.310304	0.029155	0.191286	6.626880	8.162908	12.310304	0.029155	0.191286	6.626880	8.162908	12.310304	0.029155	0.191286	6.626880	8.162908	12.310304
	0.072729	1.005607	11.393639	6.623977	7.170270	0.072729	1.005607	11.393639	6.623977	7.170270	0.072729	1.005607	11.393639	6.623977	7.170270	0.072729	1.005607	11.393639	6.623977	7.170270	0.072729	1.005607	11.393639	6.623977	7.170270
	0.026239	0.172155	6.121453	8.124973	9.351955	0.020408	0.133898	5.067703	8.021851	5.329550	0.014577	0.095642	3.695758	7.655143	1.916420	0.008746	0.057385	1.886309	6.528700	0.524787	0.002915	0.019128	0.554853	4.197486	0.130972
	0.065455	0.905034	10.254134	5.961497	6.453155	0.050910	0.703916	7.975438	4.636720	5.019120	0.036364	0.502797	5.696741	3.311943	3.585086	0.021818	0.301678	3.418045	1.987166	2.151052	0.007273	0.100559	1.139348	0.662389	0.717017
	0.026239	0.172152	6.121369	8.124862	9.351827	0.020408	0.133896	5.067634	8.021741	5.329477	0.014577	0.095640	3.695707	7.655038	1.916393	0.008746	0.057384	1.886283	6.528611	0.524780	0.002915	0.019128	0.554845	4.197428	0.130970
	0.065454	0.905022	10.253994	5.961416	6.453067	0.050909	0.703906	7.975329	4.636657	5.019052	0.036364	0.502790	5.696663	3.311898	3.585037	0.021818	0.301674	3.417998	1.987139	2.151022	0.007273	0.100558	1.139333	0.662380	0.717007
	0.026238	0.172150	6.121285	8.124750	9.351698	0.020407	0.133894	5.067565	8.021631	5.329404	0.014577	0.095639	3.695657	7.654933	1.916367	0.008746	0.057383	1.886257	6.528521	0.524773	0.002915	0.019128	0.554837	4.197371	0.130969
	0.065454	0.905010	10.253854	5.961334	6.452978	0.050908	0.703896	7.975219	4.636593	5.018983	0.036363	0.502783	5.696585	3.311852	3.584988	0.021818	0.301670	3.417951	1.987111	2.150993	0.007273	0.100557	1.139317	0.662370	0.716998
	0.026238	0.172148	6.121201	8.124639	9.351570	0.020407	0.133893	5.067495	8.021521	5.329331	0.014577	0.095638	3.695606	7.654829	1.916341	0.008746	0.057383	1.886231	6.528432	0.524766	0.002915	0.019128	0.554830	4.197313	0.130967
	0.065453	0.904997	10.253713	5.961252	6.452890	0.050908	0.703887	7.975110	4.636530	5.018914	0.036363	0.502776	5.696507	3.311807	3.584939	0.021818	0.301666	3.417904	1.987084	2.150963	0.007273	0.100555	1.139301	0.662361	0.716988
	0.026237	0.172145	6.121117	8.124528	9.351442	0.020407	0.133891	5.067426	8.021411	5.329258	0.014576	0.095636	3.695556	7.654724	1.916315	0.008746	0.057382	1.886205	6.528342	0.524758	0.002915	0.019127	0.554822	4.197256	0.130965
	0.065452	0.904985	10.253573	5.961171	6.452801	0.050907	0.703877	7.975001	4.636466	5.018845	0.036362	0.502769	5.696429	3.311761	3.584890	0.021817	0.301662	3.417858	1.987057	2.150934	0.007272	0.100554	1.139286	0.662352	0.716978
	0.026237	0.172143	6.121033	8.124416	9.351314	0.020407	0.133889	5.067356	8.021301	5.329185	0.014576	0.095635	3.695505	7.654619	1.916288	0.008746	0.057381	1.886180	6.528253	0.524751	0.002915	0.019127	0.554815	4.197198	0.130963
	0.065451	0.904972	10.253432	5.961089	6.452713	0.050906	0.703867	7.974892	4.636403	5.018777	0.036362	0.502762	5.696351	3.311716	3.584841	0.021817	0.301657	3.417811	1.987030	2.150904	0.007272	0.100552	1.139270	0.662343	0.716968
	0.026237	0.172141	6.120949	8.124305	9.351186	0.020406	0.133887	5.067287	8.021191	5.329112	0.014576	0.095634	3.695454	7.654514	1.916262	0.008746	0.057380	1.886154	6.528164	0.524744	0.002915	0.019127	0.554807	4.197141	0.130962
	0.065450	0.904960	10.253292	5.961007	6.452625	0.050905	0.703858	7.974782	4.636339	5.018708	0.036361	0.502756	5.696273	3.311671	3.584791	0.021817	0.301653	3.417764	1.987002	2.150875	0.007272	0.100551	1.139255	0.662334	0.716958
