																									
	0.000000	0.000000	0.000000	0.000000	0.000000	0.000000	0.000000	0.000000	0.000000	0.000000	0.000000	0.000000	0.000000	0.000000	0.000000	0.000000	0.000000	0.000000	0.000000	0.000000	0.000000	0.000000	0.000000	0.000000	0.000000
	7.297520	36.905434	1300.213589	1457.685761	2046.142000	7.297520	36.905434	1300.213589	1457.685761	2046.142000	7.297520	36.905434	1300.213589	1457.685761	2046.142000	7.297520	36.905434	1300.213589	1457.685761	2046.142000	7.297520	36.905434	1300.213589	1457.685761	2046.142000
	13.941859	147.299792	1141.442654	780.582567	791.924906	13.941859	147.299792	1141.442654	780.582567	791.924906	13.941859	147.299792	1141.442654	780.582567	791.924906	13.941859	147.299792	1141.442654	780.582567	791.924906	13.941859	147.299792	1141.442654	780.582567	791.924906
	7.297420	36.904929	1300.195777	1457.665793	2049.631638	7.297420	36.904929	1300.195777	1457.665793	2049.631638	7.297420	36.904929	1300.195777	1457.665793	2049.631638	7.297420	36.904929	1300.195777	1457.665793	2049.631638	7.297420	36.904929	1300.195777	1457.665793	2049.631638
	13.943325	148.529155	1141.427017	780.571874	794.766453	13.943325	148.529155	1141.427017	780.571874	794.766453	13.943325	148.529155	1141.427017	780.571874	794.766453	13.943325	148.529155	1141.427017	780.571874	794.766453	13.943325	148.529155	1141.427017	780.571874	794.766453
	7.297320	36.904423	1300.177967	1457.645825	2053.902949	7.297320	36.904423	1300.177967	1457.645825	2053.902949	7.297320	36.904423	1300.177967	1457.645825	2053.902949	7.297320	36.904423	1300.177967	1457.645825	2053.902949	7.297320	36.904423	1300.177967	1457.645825	2053.902949
	13.944055	149.746730	1141.411381	783.643126	797.778587	13.944055	149.746730	1141.411381	783.643126	797.778587	13.944055	149.746730	1141.411381	783.643126	797.778587	13.944055	149.746730	1141.411381	783.643126	797.778587	13.944055	149.746730	1141.411381	783.643126	797.778587
	7.297220	36.960372	1300.160156	1459.238153	2057.305886	7.297220	36.960372	1300.160156	1459.238153	2057.305886	7.297220	36.960372	1300.160156	1459.238153	2057.305886	7.297220	36.960372	1300.160156	1459.238153	2057.305886	7.297220	36.960372	1300.160156	1459.238153	2057.305886
	13.943864	151.041812	1141.395746	786.589274	800.644451	13.943864	151.041812	1141.395746	786.589274	800.644451	13.943864	151.041812	1141.395746	786.589274	800.644451	13.943864	151.041812	1141.395746	786.589274	800.644451	13.943864	151.041812	1141.395746	786.589274	800.644451
	7.297120	37.215321	1300.142345	1463.335091	2061.128858	7.297120	37.215321	1300.142345	1463.335091	2061.128858	7.297120	37.215321	1300.142345	1463.335091	2061.128858	7.297120	37.215321	1300.142345	1463.335091	2061.128858	7.297120	37.215321	1300.142345	1463.335091	2061.128858
	13.943673	152.290420	1141.380110	789.625309	803.620301	13.943673	152.290420	1141.380110	789.625309	803.620301	13.943673	152.290420	1141.380110	789.625309	803.620301	13.943673	152.290420	1141.380110	789.625309	803.620301	13.943673	152.290420	1141.380110	789.625309	803.620301
	7.297020	37.423328	1300.124535	1467.400564	2065.260982	7.297020	37.423328	1300.124535	1467.400564	2065.260982	7.297020	37.423328	1300.124535	1467.400564	2065.260982	7.297020	37.423328	1300.124535	1467.400564	2065.260982	7.297020	37.423328	1300.124535	1467.400564	2065.260982
	13.943482	153.119706	1141.364475	792.155718	806.124892	13.943482	153.119706	1141.364475	792.155718	806.124892	13.943482	153.119706	1141.364475	792.155718	806.124892	13.943482	153.119706	1141.364475	792.155718	806.124892	13.943482	153.119706	1141.364475	792.155718	806.124892
	6.567228	33.926874	1200.964912	1464.716171	1573.440746	5.107844	26.447385	994.230348	1446.195084	899.271717	3.648460	18.967889	725.069049	1380.333076	327.218543	2.189354	11.488387	370.074035	1178.019833	92.050438	0.730242	4.008879	108.856285	759.324961	22.973323
	12.548962	138.911764	1027.213956	715.760140	728.290510	9.760337	108.312367	798.944188	557.501059	567.252264	6.972238	77.712948	570.674420	399.241924	406.213961	4.184106	47.113507	342.404652	240.982733	245.175602	1.395938	16.514044	114.134884	82.723486	81.742153
	6.567138	34.152503	1200.948461	1468.799760	1577.514451	5.107774	26.622886	994.216729	1450.277332	903.094398	3.648410	19.093258	725.059117	1384.406435	329.410894	2.189324	11.563618	370.068965	1182.018993	92.172870	0.730232	4.033962	108.854793	762.833270	23.070431
	12.548790	139.977249	1027.199884	718.578539	731.106426	9.760203	109.154133	798.933243	560.193535	570.073614	6.972143	78.321621	570.666602	401.648344	408.844329	4.184049	47.482770	342.399961	242.824910	245.338868	1.395919	16.637368	114.133320	83.379729	81.797027
	6.569214	34.375935	1200.932010	1472.919080	1581.637349	5.127029	26.796642	994.203109	1454.394144	906.918435	3.667046	19.217364	725.049184	1388.510135	331.572528	2.200523	11.638092	370.063896	1186.034879	92.286389	0.733963	4.058794	108.853302	766.328100	23.164675
	12.556788	141.010977	1027.185813	721.326856	733.855539	9.808737	109.974191	798.922299	562.806546	572.458257	7.015851	78.918221	570.658785	403.968913	408.963656	4.210253	47.841813	342.395271	244.585216	245.428566	1.404647	16.758865	114.131757	83.413611	81.841818
	6.569806	34.573879	1200.915558	1476.600119	1585.239451	5.139872	26.975261	994.189490	1458.079858	910.512927	3.686204	19.344964	725.039252	1392.208596	333.752420	2.212051	11.714666	370.058826	1189.728068	92.402114	0.737806	4.084333	108.851811	769.684131	23.259568
	12.560594	142.030436	1027.171742	724.114950	736.244315	9.843928	110.876279	798.911355	565.517709	572.595339	7.062719	79.571147	570.650968	406.435150	409.087617	4.238378	48.233260	342.390581	246.503952	245.524369	1.414044	16.889391	114.130194	83.447270	81.889339
	6.569716	34.696370	1200.899107	1480.039924	1588.574758	5.145153	27.148167	994.175871	1461.526562	913.930324	3.700953	19.468486	725.029320	1395.676014	335.854552	2.223200	11.788796	370.053757	1193.215448	92.517244	0.741251	4.109060	108.850320	772.892002	23.336769
	12.561482	142.725910	1027.157671	726.779845	736.448150	9.860294	111.763162	798.900411	568.129131	572.730981	7.100706	80.212790	570.643151	408.827063	409.210366	4.265990	48.617734	342.385890	248.376571	245.619517	1.422628	17.017599	114.128630	83.480571	81.936637
	6.569626	34.752794	1200.882657	1483.445569	1591.864849	5.146903	27.320538	994.162252	1464.940069	917.339798	3.709024	19.593587	725.019388	1399.113668	336.944273	2.234486	11.863877	370.048688	1196.683599	92.633337	0.741241	4.134108	108.848829	776.101604	23.345547
	12.561310	143.080995	1027.143600	729.434702	736.658085	9.867136	112.648258	798.889467	570.739184	572.870215	7.123302	80.861862	570.635334	411.225202	409.335974	4.293916	49.006668	342.381200	250.260091	245.716674	1.422609	17.147298	114.127067	83.514367	81.984753
	6.569536	34.771935	1200.866206	1486.862569	1595.169133	5.147202	27.438069	994.148633	1468.364721	920.755088	3.712383	19.718485	725.009457	1402.561719	337.121720	2.245747	11.938836	370.043619	1200.159828	92.749925	0.741231	4.159119	108.847338	779.314457	23.354432
	12.561138	143.223751	1027.129530	732.091988	736.876701	9.869843	113.297688	798.878523	573.349922	573.013414	7.133893	81.509488	570.627517	413.622451	409.464105	4.321770	49.394731	342.376510	250.436403	245.815233	1.422589	17.276711	114.125503	83.548618	82.033260
	6.569446	34.777182	1200.849756	1490.484518	1598.698344	5.147132	27.498730	994.135015	1471.992620	924.325462	3.713723	19.847205	724.999525	1406.206892	337.304445	2.255386	12.016091	370.038550	1203.813566	92.868178	0.741221	4.184897	108.845847	782.658469	23.363615
	12.560966	143.281963	1027.115460	734.853393	737.114367	9.870885	113.661045	798.867580	576.046542	573.165817	7.138944	82.167401	570.619700	416.085124	409.598317	4.346062	49.789418	342.371820	250.523153	245.917302	1.422570	17.408334	114.123940	83.584078	82.082862
