																									
	0.000000	0.000000	0.000000	0.000000	0.000000	0.000000	0.000000	0.000000	0.000000	0.000000	0.000000	0.000000	0.000000	0.000000	0.000000	0.000000	0.000000	0.000000	0.000000	0.000000	0.000000	0.000000	0.000000	0.000000	0.000000
	0.007590	0.016057	0.367320	0.400641	0.818304	0.007590	0.016057	0.367320	0.400641	0.818304	0.007590	0.016057	0.367320	0.400641	0.818304	0.007590	0.016057	0.367320	0.400641	0.818304	0.007590	0.016057	0.367320	0.400641	0.818304
	0.007581	0.015954	0.365963	0.399460	0.817641	0.007581	0.015954	0.365963	0.399460	0.817641	0.007581	0.015954	0.365963	0.399460	0.817641	0.007581	0.015954	0.365963	0.399460	0.817641	0.007581	0.015954	0.365963	0.399460	0.817641
	0.007570	0.015844	0.364459	0.398716	0.816879	0.007570	0.015844	0.364459	0.398716	0.816879	0.007570	0.015844	0.364459	0.398716	0.816879	0.007570	0.015844	0.364459	0.398716	0.816879	0.007570	0.015844	0.364459	0.398716	0.816879
	0.007559	0.015734	0.362876	0.397844	0.815963	0.007559	0.015734	0.362876	0.397844	0.815963	0.007559	0.015734	0.362876	0.397844	0.815963	0.007559	0.015734	0.362876	0.397844	0.815963	0.007559	0.015734	0.362876	0.397844	0.815963
	0.007546	0.015622	0.361147	0.397230	0.814906	0.007546	0.015622	0.361147	0.397230	0.814906	0.007546	0.015622	0.361147	0.397230	0.814906	0.007546	0.015622	0.361147	0.397230	0.814906	0.007546	0.015622	0.361147	0.397230	0.814906
	0.007534	0.015515	0.359367	0.396519	0.813738	0.007534	0.015515	0.359367	0.396519	0.813738	0.007534	0.015515	0.359367	0.396519	0.813738	0.007534	0.015515	0.359367	0.396519	0.813738	0.007534	0.015515	0.359367	0.396519	0.813738
	0.003172	0.026386	0.210333	0.114246	0.712787	0.008187	0.067295	0.569564	0.302548	1.299616	0.011393	0.092115	0.863794	0.491451	1.392007	0.012791	0.100848	1.039595	0.768363	1.325940	0.012380	0.093494	1.042916	1.054891	1.254281
	0.003059	0.024901	0.206586	0.112838	0.709476	0.007895	0.063503	0.558705	0.300095	1.296192	0.010990	0.086927	0.845995	0.488703	1.389007	0.012344	0.095174	1.016162	0.765306	1.323231	0.011955	0.088243	1.016923	1.051619	1.251742
	0.002932	0.023461	0.202390	0.111355	0.705186	0.007465	0.058951	0.542621	0.297464	1.292768	0.010184	0.079825	0.810276	0.485619	1.385846	0.011260	0.087395	0.959125	0.761801	1.320601	0.010926	0.081046	0.953675	1.048180	1.249412
	0.002813	0.022221	0.198382	0.109776	0.700674	0.007090	0.054991	0.527811	0.294695	1.288873	0.009509	0.073531	0.778246	0.482398	1.382693	0.010301	0.080484	0.907915	0.758170	1.318039	0.010050	0.074666	0.897078	1.044652	1.247195
	0.002696	0.021144	0.194405	0.107982	0.695652	0.006755	0.051507	0.513710	0.291609	1.284342	0.008961	0.067820	0.748613	0.478846	1.379221	0.009451	0.074181	0.860235	0.754193	1.315248	0.009407	0.068888	0.844845	1.040793	1.244858
	0.002581	0.020192	0.190443	0.106003	0.690098	0.006443	0.048502	0.500247	0.288215	1.279227	0.008493	0.062724	0.721285	0.474956	1.375415	0.008733	0.068510	0.816080	0.749843	1.312246	0.009085	0.063755	0.797195	1.036567	1.242475
	0.002467	0.019323	0.186512	0.103857	0.684001	0.006145	0.045970	0.487437	0.284523	1.273619	0.008076	0.058289	0.696133	0.470724	1.371267	0.008158	0.063520	0.775803	0.745107	1.309049	0.008758	0.059315	0.754611	1.031958	1.240110
	0.002355	0.018515	0.182661	0.101652	0.677453	0.005860	0.043834	0.475380	0.280635	1.267562	0.007695	0.054557	0.673385	0.466227	1.366816	0.007683	0.059257	0.739846	0.740038	1.305715	0.008434	0.055612	0.717586	1.027000	1.237884
