																									
	0.000000	0.000000	0.000000	0.000000	0.000000	0.000000	0.000000	0.000000	0.000000	0.000000	0.000000	0.000000	0.000000	0.000000	0.000000	0.000000	0.000000	0.000000	0.000000	0.000000	0.000000	0.000000	0.000000	0.000000	0.000000
	0.611112	2.657571	91.779060	83.721568	110.068095	0.611112	2.657571	91.779060	83.721568	110.068095	0.611112	2.657571	91.779060	83.721568	110.068095	0.611112	2.657571	91.779060	83.721568	110.068095	0.611112	2.657571	91.779060	83.721568	110.068095
	0.838383	9.061542	83.892906	57.615191	58.403599	0.838383	9.061542	83.892906	57.615191	58.403599	0.838383	9.061542	83.892906	57.615191	58.403599	0.838383	9.061542	83.892906	57.615191	58.403599	0.838383	9.061542	83.892906	57.615191	58.403599
	0.610264	2.653882	91.651683	83.605377	110.299828	0.610264	2.653882	91.651683	83.605377	110.299828	0.610264	2.653882	91.651683	83.605377	110.299828	0.610264	2.653882	91.651683	83.605377	110.299828	0.610264	2.653882	91.651683	83.605377	110.299828
	0.838132	9.128390	83.848804	57.586431	58.538193	0.838132	9.128390	83.848804	57.586431	58.538193	0.838132	9.128390	83.848804	57.586431	58.538193	0.838132	9.128390	83.848804	57.586431	58.538193	0.838132	9.128390	83.848804	57.586431	58.538193
	0.609416	2.650194	91.524309	83.489189	110.616924	0.609416	2.650194	91.524309	83.489189	110.616924	0.609416	2.650194	91.524309	83.489189	110.616924	0.609416	2.650194	91.524309	83.489189	110.616924	0.609416	2.650194	91.524309	83.489189	110.616924
	0.837839	9.194560	83.804716	57.735199	58.682622	0.837839	9.194560	83.804716	57.735199	58.682622	0.837839	9.194560	83.804716	57.735199	58.682622	0.837839	9.194560	83.804716	57.735199	58.682622	0.837839	9.194560	83.804716	57.735199	58.682622
	0.608569	2.652670	91.396937	83.549066	110.839195	0.608569	2.652670	91.396937	83.549066	110.839195	0.608569	2.652670	91.396937	83.549066	110.839195	0.608569	2.652670	91.396937	83.549066	110.839195	0.608569	2.652670	91.396937	83.549066	110.839195
	0.837492	9.265196	83.760639	57.876769	58.818633	0.837492	9.265196	83.760639	57.876769	58.818633	0.837492	9.265196	83.760639	57.876769	58.818633	0.837492	9.265196	83.760639	57.876769	58.818633	0.837492	9.265196	83.760639	57.876769	58.818633
	0.607721	2.676877	91.269567	83.882449	111.107337	0.607721	2.676877	91.269567	83.882449	111.107337	0.607721	2.676877	91.269567	83.882449	111.107337	0.607721	2.676877	91.269567	83.882449	111.107337	0.607721	2.676877	91.269567	83.882449	111.107337
	0.837146	9.333156	83.716576	58.023525	58.960988	0.837146	9.333156	83.716576	58.023525	58.960988	0.837146	9.333156	83.716576	58.023525	58.960988	0.837146	9.333156	83.716576	58.023525	58.960988	0.837146	9.333156	83.716576	58.023525	58.960988
	0.606873	2.695958	91.142199	84.212397	111.409242	0.606873	2.695958	91.142199	84.212397	111.409242	0.606873	2.695958	91.142199	84.212397	111.409242	0.606873	2.695958	91.142199	84.212397	111.409242	0.606873	2.695958	91.142199	84.212397	111.409242
	0.836800	9.376964	83.672525	58.141165	59.076207	0.836800	9.376964	83.672525	58.141165	59.076207	0.836800	9.376964	83.672525	58.141165	59.076207	0.836800	9.376964	83.672525	58.141165	59.076207	0.836800	9.376964	83.672525	58.141165	59.076207
	0.545423	2.449942	84.074346	84.158077	85.011925	0.424218	1.912043	69.601756	83.097486	48.729899	0.303013	1.374142	50.758940	79.325967	17.943451	0.181838	0.836241	25.907279	67.740708	5.180667	0.060663	0.298339	7.620556	43.764560	1.292961
	0.752808	8.499298	75.265638	52.464187	53.302473	0.585519	6.626110	58.539941	40.851485	41.503794	0.418261	4.752921	41.814243	29.238781	29.705113	0.251001	2.879731	25.088546	17.626073	17.906428	0.083738	1.006540	8.362849	6.013362	5.969786
	0.544576	2.470947	83.947095	84.490004	85.307150	0.423373	1.927571	69.474738	83.429256	48.997297	0.302170	1.384193	50.632225	79.656729	18.032465	0.180997	0.840814	25.780963	68.063249	5.043502	0.059823	0.297434	7.494535	44.033258	1.152990
	0.752474	8.556862	75.223715	52.599661	53.436947	0.585208	6.671084	58.502224	40.982167	41.641193	0.417973	4.784765	41.780732	29.355446	29.834123	0.250736	2.898082	25.059241	17.712699	17.895944	0.083497	1.011021	8.337749	6.034138	5.955670
	0.543966	2.491711	83.819847	84.825836	85.607751	0.424638	1.942908	69.347722	83.764803	49.264847	0.303367	1.394106	50.505512	79.990805	18.118128	0.181382	0.845305	25.654649	68.387620	4.905367	0.059393	0.296502	7.368515	44.300486	1.012710
	0.752610	8.612597	75.181804	52.731107	53.567581	0.587700	6.714809	58.464518	41.108279	41.753445	0.420208	4.815915	41.747231	29.467174	29.818503	0.251984	2.915844	25.029944	17.794614	17.881229	0.083759	1.015397	8.312657	6.019072	5.940979
	0.543193	2.509692	83.692601	85.113809	85.851483	0.425203	1.958776	69.220708	84.053276	49.507333	0.304622	1.404401	50.378802	80.280632	18.205787	0.181803	0.850026	25.528339	68.676754	4.767476	0.058974	0.295646	7.242498	44.552560	0.872503
	0.752505	8.667512	75.139906	52.864852	53.677469	0.589424	6.763259	58.426822	41.240052	41.736245	0.422626	4.850310	41.713739	29.587297	29.803157	0.253343	2.935474	25.000656	17.885661	17.866871	0.084060	1.020294	8.287572	6.003997	5.926450
	0.542347	2.519434	83.565357	85.375442	86.066084	0.424943	1.974021	69.093698	84.315652	49.730483	0.305395	1.414250	50.252094	80.545232	18.284958	0.182183	0.854479	25.402030	68.943415	4.629522	0.058512	0.294702	7.116484	44.788456	0.760677
	0.752232	8.703767	75.098019	52.991509	53.661511	0.590064	6.810835	58.389138	41.366087	41.718969	0.424532	4.884056	41.680257	29.703147	29.787748	0.254672	2.954703	24.971376	17.974058	17.852481	0.084315	1.025058	8.262494	5.988907	5.911914
	0.541500	2.521962	83.438116	85.633347	86.275751	0.424297	1.989207	68.966689	84.574404	49.952771	0.305439	1.424272	50.125388	80.806583	18.253577	0.182577	0.859036	25.275724	69.207980	4.491677	0.057673	0.293793	6.990472	45.024545	0.761660
	0.751898	8.720416	75.056144	53.117595	53.645913	0.590155	6.858308	58.351464	41.492050	41.701907	0.425551	4.918230	41.646784	29.819361	29.772510	0.256020	2.974190	24.942104	18.063087	17.838213	0.084073	1.029908	8.237424	5.973850	5.897429
	0.540653	2.520418	83.310877	85.892493	86.486970	0.423492	1.998405	68.839683	84.834376	50.175697	0.304968	1.434272	49.998685	81.069072	18.122578	0.182969	0.863580	25.149420	69.473428	4.353889	0.056834	0.292881	6.864462	45.260990	0.762655
	0.751564	8.724836	75.014282	53.243829	53.630824	0.590008	6.892209	58.313801	41.618059	41.685081	0.425879	4.952323	41.613321	29.935530	29.757423	0.257363	2.993627	24.912841	18.053787	17.824031	0.083832	1.034743	8.212361	5.958825	5.882972
	0.539807	2.517357	83.183641	86.174023	86.722754	0.422647	2.001393	68.712679	85.116545	50.415561	0.304277	1.444690	49.871984	81.353088	17.992158	0.183184	0.868375	25.023119	69.758263	4.216285	0.055995	0.292052	6.738455	45.511760	0.763682
	0.751230	8.724387	74.972431	53.376068	53.616839	0.589765	6.909632	58.276149	41.749023	41.668792	0.425888	4.987009	41.579868	30.055474	29.742694	0.258501	3.013447	24.883586	18.039335	17.810057	0.083591	1.039707	8.187305	5.943873	5.868583
