																									
	0.000000	0.000000	0.000000	0.000000	0.000000	0.000000	0.000000	0.000000	0.000000	0.000000	0.000000	0.000000	0.000000	0.000000	0.000000	0.000000	0.000000	0.000000	0.000000	0.000000	0.000000	0.000000	0.000000	0.000000	0.000000
	0.000202	0.002243	0.029557	0.025848	0.016046	0.000202	0.002243	0.029557	0.025848	0.016046	0.000202	0.002243	0.029557	0.025848	0.016046	0.000202	0.002243	0.029557	0.025848	0.016046	0.000202	0.002243	0.029557	0.025848	0.016046
	0.000204	0.002262	0.030049	0.026164	0.016253	0.000204	0.002262	0.030049	0.026164	0.016253	0.000204	0.002262	0.030049	0.026164	0.016253	0.000204	0.002262	0.030049	0.026164	0.016253	0.000204	0.002262	0.030049	0.026164	0.016253
	0.000206	0.002279	0.030582	0.026280	0.016485	0.000206	0.002279	0.030582	0.026280	0.016485	0.000206	0.002279	0.030582	0.026280	0.016485	0.000206	0.002279	0.030582	0.026280	0.016485	0.000206	0.002279	0.030582	0.026280	0.016485
	0.000209	0.002294	0.031129	0.026426	0.016771	0.000209	0.002294	0.031129	0.026426	0.016771	0.000209	0.002294	0.031129	0.026426	0.016771	0.000209	0.002294	0.031129	0.026426	0.016771	0.000209	0.002294	0.031129	0.026426	0.016771
	0.000211	0.002307	0.031708	0.026443	0.017096	0.000211	0.002307	0.031708	0.026443	0.017096	0.000211	0.002307	0.031708	0.026443	0.017096	0.000211	0.002307	0.031708	0.026443	0.017096	0.000211	0.002307	0.031708	0.026443	0.017096
	0.000213	0.002316	0.032286	0.026480	0.017452	0.000213	0.002316	0.032286	0.026480	0.017452	0.000213	0.002316	0.032286	0.026480	0.017452	0.000213	0.002316	0.032286	0.026480	0.017452	0.000213	0.002316	0.032286	0.026480	0.017452
	0.000003	0.000027	0.000698	0.000286	0.000511	0.000003	0.000027	0.000698	0.000282	0.000491	0.000003	0.000027	0.000698	0.000277	0.000474	0.000003	0.000027	0.000698	0.000269	0.000465	0.000003	0.000027	0.000698	0.000258	0.000460
	0.000071	0.000907	0.002735	0.001159	0.002566	0.000176	0.002268	0.006618	0.001768	0.002716	0.000242	0.003090	0.010520	0.001944	0.002542	0.000268	0.003374	0.013834	0.002135	0.002401	0.000254	0.003118	0.015502	0.002282	0.002310
	0.000146	0.001750	0.004988	0.002066	0.005160	0.000430	0.004925	0.015280	0.003340	0.004921	0.000717	0.007230	0.029998	0.003787	0.004681	0.000905	0.007902	0.045450	0.004238	0.004274	0.000856	0.007298	0.051141	0.004376	0.004024
	0.000216	0.002465	0.007114	0.003018	0.007871	0.000649	0.007193	0.023127	0.004977	0.007385	0.001109	0.010821	0.047088	0.005692	0.006871	0.001457	0.011838	0.073110	0.006402	0.006178	0.001359	0.010924	0.082269	0.006529	0.005749
	0.000284	0.003078	0.009194	0.004082	0.010835	0.000842	0.009149	0.030460	0.006775	0.010198	0.001420	0.013997	0.062492	0.007762	0.009219	0.001935	0.015338	0.098038	0.008735	0.008192	0.001719	0.014123	0.110130	0.008842	0.007522
	0.000350	0.003611	0.011232	0.005238	0.014059	0.001020	0.010798	0.037316	0.008726	0.013327	0.001683	0.016745	0.076280	0.010000	0.011744	0.002327	0.018388	0.120213	0.011250	0.010320	0.001896	0.016877	0.134612	0.011333	0.009311
	0.000415	0.004090	0.013218	0.006473	0.017542	0.001188	0.012154	0.043687	0.010820	0.016706	0.001912	0.019048	0.088539	0.012402	0.014445	0.002631	0.020971	0.139445	0.013947	0.012548	0.002072	0.019172	0.155503	0.014006	0.011071
	0.000478	0.004527	0.015124	0.007721	0.021218	0.001345	0.013268	0.049529	0.012992	0.020294	0.002118	0.020903	0.099191	0.014917	0.017295	0.002874	0.023077	0.155550	0.016789	0.014839	0.002245	0.021003	0.172669	0.016833	0.012729
